1.442622686113455772e+09 2.206673956502266228e+08 6.278733583881242573e+07 -2.694913437998483423e+06 4.454965121488693170e+06 7.506711160836253315e+06 3.881922056088006590e+06 3.016803206195622217e+06 -2.916703484208063222e+06 -2.593070827220390085e+06 -1.197043197018441046e+06 -1.413738529564657481e+06 1.423870564296603261e+05 -4.986846537584304460e+05 -1.548927768790758448e+06 -6.070403275091098621e+05 -6.576444030197807297e+04 2.992617320976433693e+05 -3.917349577067836653e+05 -4.907519898703486251e+04 -9.154724626203849912e+05 -2.680567562489954289e+05 1.145225688818629715e+05 1.188433226790732879e+05 -3.519972660268173204e+05 -5.746416226617693901e+05 -3.135253968243611162e+05 -4.539787139542502118e+05 -1.645132168274780270e+05 -2.573041753924968652e+05 -4.284398010228129569e+05 -2.559862942469591217e+05 6.747751252637675498e+04 1.854532189763046918e+05 4.488428364931237593e+04 4.417100450771513715e+04 -1.451100796061008077e+04 -1.235414468501303345e+05 -3.296847640313680167e+05 -2.400217713750615076e+05 -8.013328142577144899e+04 2.773407275899428714e+04 -7.462676552982207795e+04 -2.060261251168201561e+05 -1.608958119962928176e+05 -1.602264984285740065e+05 -1.257580925510719244e+05 -1.200383195719131618e+05 -8.177088945825309202e+04 -4.526441145563159807e+04 -7.436241781202044513e+04 -7.418332465168468480e+04 7.009390052838606061e+04 1.999274695567849994e+04 -3.042676496043083534e+04 -2.471488790439481818e+04 2.794701352541650340e+04 -2.704682670732187762e+04 2.348885440551850843e+04 3.277235598636697250e+04 -1.944454988105721235e+09 6.805420455546714365e+07 -1.790251926713368669e+07 -4.128292168573310971e+07 2.053612588326893747e+07 -1.270819359758829512e+07 -1.584957162994148396e+07 -1.195002582331384346e+07 -8.869050583098551258e+06 -2.089565852070129709e+06 -4.925486413729882799e+06 -7.337194580988321453e+06 -1.394257255802725442e+06 -3.950614739197335672e+06 -1.240201039333343040e+06 -4.966678012982118875e+06 -1.981369632571936352e+06 -1.093029885042589158e+06 4.092448307226541801e+05 1.163731733383359155e+06 -4.783097986315026064e+05 -1.124499397650186205e+06 -6.783716206173893297e+05 -1.332306114485879196e+06 -7.236233794674186502e+05 -6.494049064446177799e+05 4.147283227082201629e+05 -1.901126707939667685e+05 8.449681494794174796e+04 -2.299365985537516244e+05 -6.351907598498326261e+05 -7.227978084688964300e+05 -8.650553912103573093e+05 2.227227004166858387e+05 -6.018432031256097835e+05 -8.748548951839556685e+04 -2.124415208877772238e+04 -4.515634705941951834e+05 -2.293463001896720380e+05 -2.398680347389921080e+05 -1.477747551655895077e+05 -4.012240546582188836e+04 -7.065999445914255921e+04 -1.827926869876779965e+05 6.330551665214665991e+04 7.291540555631242751e+04 -9.492795089911870309e+04 -4.685886578880344314e+04 5.102138573139243817e+04 1.044790718270317157e+05 9.338478275038294669e+04 1.157538230585840756e+04 -1.859564007205485250e+05 -1.257390295926940307e+05 1.830353911204503675e+04 -5.951871928414858121e+04 -8.896016715490742354e+04 4.744224288173444802e+04 -3.558621735601203545e+04 -8.925987063552060863e+04
2.206673956502266228e+08 5.378944590685217381e+08 1.106738493717631698e+08 2.447340113337241486e+07 9.066473605670915917e+06 9.699201358331646770e+06 6.142071785996862687e+06 1.217540940154099371e+06 -6.815206854810557561e+05 4.620212552082825569e+05 -1.726434374584939505e+05 5.772513052082996583e+05 1.036426995071933488e+06 1.199239480089973425e+06 4.431948202058049355e+04 -2.209107431065533310e+05 9.720234316616464639e+05 7.389127699742466211e+05 8.354694286915849079e+04 -2.677526430660466576e+04 2.150906726058911881e+05 -2.983261421382635308e+04 1.001479992368058593e+05 1.666874342347807833e+05 4.801644411573063553e+04 -8.255136348975700093e+04 5.641417890429866384e+04 -5.838081093230465922e+04 -1.717514212211435079e+05 1.343692218818523106e+05 1.546023027904857590e+05 -1.438278109108732606e+05 -1.551105693792487364e+04 -1.362555507489038864e+05 -1.144364719077303162e+05 -4.409123339543848851e+04 -3.934349904357908235e+04 -5.531736844311561435e+04 3.381644215281257493e+04 -4.258587249377011176e+04 2.612185451225582801e+04 -8.068495088433474302e+04 -1.096253590142621106e+05 -2.988343352276904625e+04 -6.325609105081936286e+04 -1.597685947234331106e+05 -1.152798440382747358e+05 -4.367456969179695443e+04 -4.881871065144393651e+04 -1.204138467680177419e+05 -8.137602903917916410e+04 -1.037068859579827695e+05 -7.417082988820225000e+04 -7.475290566236877930e+04 -1.126814848352797126e+05 -7.495783481692374335e+04 -6.766860780190152582e+04 -5.694156848104171513e+04 -8.249510862901556538e+04 -1.257529072385882610e+05 -3.343360921732853651e+08 -3.983309127249123901e+07 1.123707384311974607e+07 3.075542753317725845e+06 6.565928417873900384e+06 -1.280672314825453423e+07 -1.343337271473735571e+06 -3.380316758975210600e+06 -3.827241640082594473e+06 7.082665320063176332e+05 -2.301231371719680727e+06 -5.213823112215279834e+05 8.726660811988615023e+04 -1.426057608235091320e+05 -8.955502808140403358e+05 -1.554773087280481122e+06 3.218190475675371126e+05 -6.005944176738477545e+05 2.225464454536454869e+05 -4.730142478561494499e+05 -1.643107369592413015e+05 1.736919838854807604e+05 -2.360774338560402612e+04 2.375805055732335677e+04 -1.540794084730665782e+04 1.676724023670914175e+05 4.392085392438900890e+05 -4.006776334412667347e+04 -2.153999933680577087e+05 1.718571483774332592e+04 -4.613677309972419753e+05 -6.488195143411322497e+05 -2.377375002237659064e+05 -1.056814380134074745e+05 -3.532118352567898110e+05 -6.112300972552151507e+03 7.863499604264368827e+04 -2.156688343558855122e+05 1.322334304913695087e+05 4.965334260223052843e+04 1.039362022864902392e+05 -8.102714771392214061e+03 8.654444962952341302e+04 -1.382866003889380081e+05 -4.415261155650340515e+04 2.732552198790624607e+04 -9.179201379903867200e+04 -2.080513245853053522e+05 -1.211966205342515750e+05 -1.243838992028097127e+05 -7.362166939630582056e+04 6.501342428800143534e+04 2.900037384301452403e+04 -8.837219597226490441e+04 -2.482153868005998083e+04 -2.764660206437682791e+04 -7.377540752342400083e+04 -1.585748152381643886e+05 -1.049490195175742119e+05 -3.728895966449368279e+04
6.278733583881242573e+07 1.106738493717631698e+08 2.244978328215074837e+08 5.286836250584255159e+07 1.186246743917110935e+07 9.755504227059526369e+06 1.734738654126702342e+06 1.618206991629493423e+05 4.920583134277075296e+05 1.792565208147714147e+05 1.039357731538484455e+06 1.548117240105920238e+06 2.786567993981731124e+05 5.284515406083437847e+05 5.174582916525112523e+04 -5.809592248670587287e+04 6.832834715211099247e+05 7.728969763339931378e+05 3.359210203275078093e+05 5.263493417208238970e+05 5.446512406747686910e+05 8.655108047178831475e+04 4.879732564466337499e+04 -1.168203106597087753e+05 -1.054063494737754263e+04 8.682289555440853292e+04 1.376189097503596568e+05 -8.766894470469954831e+04 -4.958134093899032450e+04 -2.771924645042140401e+04 1.343880527102179185e+05 -2.061437203654933546e+04 1.576397392556255800e+05 5.310831592486338923e+04 9.549249182762607234e+04 -1.057721282034493343e+05 -7.902504043232504046e+04 3.651810102543829544e+03 6.925453197071824980e+04 4.323921275774936657e+04 -2.312372779878718120e+03 -1.463270817727339454e+04 3.384093968436615251e+04 1.139431595809909231e+04 -1.620533256092924057e+04 -5.114491528881859995e+04 -3.078423089172295295e+04 -4.249930433730343066e+04 -9.097243856771516221e+03 -1.185892535598525865e+04 -2.437869772523455686e+04 -1.013272169227478844e+04 -4.760063527069769043e+04 -1.581978851040737936e+04 -7.094519519030848460e+04 -2.830893262655959916e+04 -2.770963887537118353e+04 -1.278060270482879241e+04 -7.865246063769996908e+03 -3.043033846601036203e+04 -6.785866791418020427e+07 2.846166056722614169e+07 6.093510257767900079e+07 3.858176317240111530e+07 1.002736300200393796e+07 -4.612443610644538421e+05 -7.389869522472298704e+06 -2.140311481115499046e+06 3.429386992884992156e+06 -8.042994906390253454e+05 2.913293374277845141e+05 4.675994638848587638e+05 -1.708697223643223522e+06 -5.769647890949633438e+05 5.188305676767622936e+04 -1.875630561621236382e+06 1.972298556413324259e+05 2.836846083567056339e+05 1.435305971021873993e+05 9.564489473702402320e+05 6.106430992769727018e+05 -4.529423392472540145e+05 -4.443382223191931262e+05 -1.314574774178724329e+05 -2.006942455984111875e+05 3.572718188237676513e+05 7.237060716853833583e+03 -8.560235214394312061e+04 1.927086998661969847e+05 -1.225293339575218852e+05 -1.713232752632083721e+05 -1.516495349779680837e+05 -1.258878708894322335e+05 -6.803157725533639314e+04 -1.337459438086274604e+05 -1.751730087416439492e+05 -1.724491637009274564e+05 -1.619137523730114917e+05 -7.831088509637833340e+04 -6.071979046822142845e+04 -1.311655230117665196e+05 -4.054395234547700238e+04 -1.311957110824853589e+05 -2.912263313428565161e+05 -1.806823411671968643e+05 -9.724235242803112487e+04 -1.012009332262217940e+05 -1.553225380992474675e+05 -5.970888031458701334e+03 -3.595391587065824751e+03 1.603558558301920311e+04 -3.687065920883911895e+04 7.324880285395504870e+03 -2.643563983091879345e+04 -1.525851402485760082e+04 -8.208191638450673054e+03 -9.953753569804797007e+04 -9.524738376371873892e+04 -1.159014376577523071e+05 -6.414706193845816597e+04
-2.694913437998483423e+06 2.447340113337241486e+07 5.286836250584255159e+07 1.105128876476879567e+08 2.741651701882576570e+07 1.001231972177129239e+07 2.575702456999804359e+06 2.096209420315233292e+06 1.995431552466419758e+06 1.126210775520040886e+06 1.233838755858462537e+06 8.399627627096654614e+05 4.535531225265668036e+04 5.322544614793374203e+05 2.150596763690384105e+05 4.385530222698965226e+05 4.758902909144596197e+05 4.903498786162888282e+05 1.682125441538046871e+05 3.109561840452384786e+05 3.353449700522510684e+05 2.494348836677356740e+05 1.826937765921762038e+05 5.421675924243126792e+04 1.042332897317873867e+05 2.422307800072750615e+04 1.148399282257436425e+05 1.271896088218054501e+05 1.389418174553932913e+05 1.707043532240125060e+05 1.076028126523502724e+05 7.046315831257305399e+04 8.641302041882228514e+04 -8.105057170836868863e+03 7.155184889959538123e+04 -5.394069722961759908e+03 -3.559398639151423413e+04 5.996741585628575558e+04 5.925253661367554741e+04 1.719832804392191611e+04 3.968996993154771189e+04 3.196445730381873091e+03 5.098677596268951311e+04 4.728980309573312843e+04 1.570411593781787451e+04 1.925120296719374892e+04 3.339538266021659183e+03 -2.381169927338861726e+03 2.450210723436551416e+04 2.707676960239180971e+03 1.535442357733019890e+04 4.957639387569185055e+04 -4.765604222193529495e+03 -2.501580053540210065e+04 -3.842976196236185388e+03 6.692083885378109471e+02 -1.964452440117932565e+04 -1.439398278190698147e+04 -2.495682280934415303e+03 -1.494802535110857571e+04 6.281877642157388851e+06 5.183799141042814590e+06 3.403158320927632600e+07 6.756891934704130888e+07 1.390164411779362895e+07 5.822756716530176811e+06 -1.912090051426341059e+06 2.181100720455238596e+06 5.700798765846819617e+06 1.004287192742019193e+06 -9.849558731793322368e+05 -8.991532950121737667e+04 -9.138785462814678904e+05 -8.126629810339119103e+03 -6.942505687239529798e+05 -1.481827866390238749e+06 -2.103293142470705789e+05 5.394248356885601534e+05 5.428554874293275643e+05 7.278276898997896351e+05 3.300727613101011957e+05 -2.101989996715152520e+05 1.799782225256470556e+05 4.157653448552687187e+05 -3.053388503906446567e+04 1.901763972998207610e+05 1.303063512789140805e+05 3.399967287287646323e+05 3.497863711806319188e+05 1.618661336382584705e+05 1.156950312824937719e+05 3.511366530944669648e+04 5.470088053709018823e+03 2.409979949298543215e+04 5.945820563749407302e+04 2.683750707008773679e+04 5.977141626873227506e+04 1.221245983366636392e+04 -5.834634057942517393e+04 2.512322068072482216e+04 -6.961531103075991268e+04 -1.042018837185933808e+04 -8.921888859100302216e+04 -8.824053750346672314e+04 -1.058318047980906613e+03 1.158228998883397981e+04 -2.066420513276792190e+04 -6.020439916021104000e+04 1.552192121941876394e+04 -7.080738409104340826e+04 2.030678494216354693e+03 -6.791811647900889511e+04 -1.414761367169775212e+03 -2.606364996335195883e+03 -3.255528644709136643e+04 2.996730806946147641e+04 -6.917713683366513578e+04 -2.075542675977106046e+04 -5.576190788577607600e+04 -8.921513431713425962e+04
4.454965121488693170e+06 9.066473605670915917e+06 1.186246743917110935e+07 2.741651701882576570e+07 6.646017614545369148e+07 1.527495372715234943e+07 2.419300807928494643e+06 2.347332233319884632e+06 1.178137839356981451e+06 6.731208297075813171e+05 7.538882705982147017e+05 7.753194963133736746e+05 1.189876594055746828e+05 5.040509127694098861e+05 4.156731285474312026e+05 3.307044762955159531e+05 5.372891912771040807e+05 3.864077304565304075e+05 1.759380865271190123e+05 2.002354710810776451e+05 3.521939907110597123e+05 2.146610825754152320e+05 2.366249708968506893e+05 1.532140347264134034e+05 1.686331312947684783e+05 8.315830563009309117e+04 1.252705258416620054e+05 9.064007970679221035e+04 1.375176730822323589e+05 1.035739676217781234e+05 1.293288335209271754e+05 1.119172422669155494e+05 1.165887132092406828e+05 7.488885098777415988e+04 7.339426384799426887e+04 4.188076030194931081e+04 1.100534110182271070e+04 5.994858791591511363e+03 4.956632497359382978e+04 4.681086663313877216e+04 6.734777780401697964e+04 5.475639229409562540e+04 6.108361929469480674e+04 1.921323648777365815e+04 5.405781595559589186e+04 4.380685274406108510e+04 3.682762075258808909e+04 4.310201843506978184e+04 4.247444288434471673e+04 1.437032432355594392e+04 1.601662202640254145e+04 2.078931837010715390e+04 2.197345913595204911e+04 6.926351302580422953e+02 2.832124676384381746e+04 6.664531815786535844e+03 3.529069115210184918e+03 1.896184213841305609e+04 1.797961992717660542e+04 7.507258973081837212e+03 5.316831154689297546e+05 1.002116572104604542e+07 -2.870107367238671519e+06 1.563374951992173679e+07 9.580078556393090636e+06 4.007835694303680677e+06 -3.510918523550370708e+06 1.681245305309832795e+06 8.383723287231859285e+05 -1.144228769543369301e+06 -7.934450346550322138e+05 6.071979512142929016e+05 -4.998560807070364826e+05 8.740995523278521432e+04 3.402970045329351560e+05 -3.436119387497434509e+05 2.726439544904623181e+05 2.642272440897639026e+05 1.933697323920696217e+05 5.858916589551715879e+04 3.401994264180164901e+05 2.276136285643539741e+05 4.120348902876863722e+05 3.676133231585688191e+05 1.231004599096550373e+05 6.483012585324396787e+04 2.251823414618230017e+05 7.629720687550056027e+04 6.737339048997257487e+04 1.595187023422827478e+05 1.189315034555990133e+05 1.014213053480658418e+05 1.851506637454011070e+05 -1.064070298433623429e+04 8.092130243304588657e+04 8.280579970979029895e+04 9.351865084076245694e+03 -5.514521184610316413e+04 2.680562191648251974e+04 6.711979503084009048e+04 4.799197012329420318e+02 -3.549525589232586935e+04 -7.416573287836059171e+04 -5.069656636774241633e+04 -5.266122698996723921e+04 -3.390882279732126676e+02 1.320541670284766406e+04 -1.127870324795063061e+04 3.314753595076259080e+04 4.825218672025265732e+03 -2.299312823675530672e+04 -7.555275011861757548e+02 2.885799838166511108e+04 -2.542840508565990945e+02 -7.633711980086514814e+03 2.756365967392773018e+04 8.190211291078006070e+03 2.333009440577939313e+04 -2.314973382436752945e+04 -6.053986109966984804e+04
7.506711160836253315e+06 9.699201358331646770e+06 9.755504227059526369e+06 1.001231972177129239e+07 1.527495372715234943e+07 3.792260894526536018e+07 7.843387729435675777e+06 2.352947086326122284e+06 1.218858567712541670e+06 9.116923968870869139e+05 5.514209223373535788e+05 7.276697938625578536e+05 4.368979329060164746e+05 5.604749189451157581e+05 3.329866551075538155e+05 3.486558548105743830e+05 1.833152881726667401e+05 2.054398089583872934e+05 1.894905076410218317e+05 2.148163170788267162e+05 1.877651838362346170e+05 9.482519416478350468e+04 1.197002929884464102e+05 -3.758767376753620920e+04 1.721380309865262461e+04 -1.435454184966629691e+04 1.399868676663359656e+04 6.033341472605215677e+04 8.855896163667998917e+04 9.412753207009600010e+04 8.773620442651664780e+04 8.158476681129190547e+04 7.352401173089879740e+04 4.871490961993854580e+04 3.330682985483542143e+04 2.686104471589824971e+04 1.284268871914104238e+04 1.858796515008361894e+04 6.999513914753217250e+04 3.560567440026713302e+04 4.280181886536486854e+04 2.498831895735452417e+04 2.668183387319208850e+04 1.036857515865639834e+04 3.558658218778177252e+04 2.612594314770206620e+04 3.079837895552625560e+04 3.270036807501620206e+04 2.929902975075857830e+04 1.075750071032076630e+04 9.947997147701769791e+03 2.931188183673687308e+04 2.758072603147332484e+04 8.444308737476489114e+03 6.842982925741885083e+03 -8.076409775332896061e+03 5.369856916415526939e+03 6.764427453757876947e+02 -3.672985028941289784e+03 -4.466178393544335449e+03 -4.441196788867941126e+06 -1.407705009378840448e+06 3.827161586846500635e+06 8.486375805879328400e+06 6.712125590402123518e+06 3.551981872874829173e+07 2.371151555143718142e+06 7.897609542820734205e+05 1.311082743454948999e+06 6.633138277552948566e+05 -1.033617181438472588e+06 2.087707481072364317e+05 -2.486890763092556736e+05 4.161482681019445881e+05 -5.254543250542780152e+05 -1.313197398434660863e+05 -1.705988246994125657e+05 3.327352492724391050e+05 3.046782237795743276e+05 -6.894124081662406388e+04 2.169391422316570242e+05 8.078115983242573566e+04 1.823640990211494500e+05 5.103881171088373958e+04 1.909883833786538162e+04 2.683734388182850671e+04 1.881108669677829603e+05 5.445416255710610130e+04 2.193007733247444048e+04 2.820156103521938348e+04 -3.589478719154463033e+04 2.144394401136220404e+04 1.636317326868513192e+05 3.211683376112469341e+04 -2.016458112656799130e+04 4.962145104911238741e+04 -1.796849773629757237e+03 -1.421076446247837157e+04 3.752689866387742950e+04 3.150403483235034582e+04 2.919664896263225455e+04 -5.301722157099373726e+04 -3.993338811164405342e+04 1.431871606511819118e+04 2.989483825186486138e+04 1.347301676552541721e+04 2.318257382326666993e+04 1.845452557518178219e+04 2.337017557905828289e+04 1.139106498655773612e+04 2.247613252006889525e+04 3.873219374041060655e+04 3.217158008068489289e+04 2.583617446871340690e+03 -1.825914982834534385e+04 -1.576248687786997289e+04 -3.282262345036881015e+04 -2.019745859002733778e+04 -2.812927712502726718e+04 -2.274447790862491456e+04
3.881922056088006590e+06 6.142071785996862687e+06 1.734738654126702342e+06 2.575702456999804359e+06 2.419300807928494643e+06 7.843387729435675777e+06 2.001676950683303177e+07 4.281715629045232199e+06 1.387214963837291813e+06 9.833146349265350727e+05 7.001616379776221002e+05 5.575558055267438758e+05 5.104241410506866523e+05 5.262724520490722498e+05 3.402059356173339766e+05 1.943954592363016855e+05 3.653085777931740740e+05 3.153812101120618172e+05 1.647252107803695253e+05 2.502037569517034572e+05 1.162602116937621904e+05 1.002249004227224941e+05 1.069239689988604514e+05 5.082885221517192258e+04 1.030641606272457284e+05 8.757218389129995194e+04 6.266661188783792750e+04 2.340192862796667032e+04 6.322844937197290710e+04 7.953536430612120603e+04 5.600769704960261151e+04 6.520919292799738469e+04 6.522913339478286071e+04 4.293426116898917826e+04 5.447956365176822146e+04 4.687921858492316096e+04 1.323687722674604447e+04 2.847684904303674193e+04 3.519676603390347736e+04 3.642925815851544758e+04 4.399913669905903953e+04 3.401524210258689709e+04 1.951474054569006694e+04 2.565994727917035198e+04 3.243105398693705138e+04 1.505037633106983048e+04 1.255643861470302909e+04 3.027838876467171940e+04 2.857728411688411870e+04 1.927194455976251265e+04 1.022655792754996219e+04 1.360917567665233582e+04 2.880476908258200638e+04 1.362618971831472663e+04 1.577829370270335312e+04 7.076942281647046912e+03 1.669371029005660603e+03 4.931836553472065134e+03 5.424313527225446705e+03 3.400607114043890761e+03 -6.932252157539601438e+06 2.288579027183681726e+06 4.516348463267825544e+06 2.463507358746113256e+06 1.147829634741811547e+06 6.825960239611844532e+06 1.624480085193162225e+07 1.766404288584417896e+06 -1.842011838001970609e+05 2.334858554192023294e+05 -4.059249735868053976e+05 4.257841978113691439e+05 1.141689490711267863e+05 2.464281052049147547e+05 4.901833777492545050e+04 2.917098785708483192e+05 2.511319288961973216e+05 5.343148256842154078e+05 2.162138366970456846e+05 -8.241881162279798446e+03 7.263373098277190002e+04 6.328493852040074125e+04 9.051382351655782259e+04 2.134007011772301630e+05 1.926074318942930840e+05 7.685952807760467113e+04 1.056219192734190729e+05 9.140352019716109498e+04 9.130787263999643619e+04 7.337869415799505077e+04 6.678582577220418898e+04 7.348055474212540139e+04 9.198523535335621273e+04 7.225744246761187969e+04 2.036254160934831816e+04 6.744995175809273496e+04 -2.769355365072082350e+04 -9.988463252314960528e+02 7.633022969158274645e+04 6.806196573533551418e+04 1.145906549380166689e+04 1.604290863308327425e+04 1.263418694787733148e+04 2.988491570133215282e+04 3.968399279385099362e+04 2.802961456207921583e+04 2.045410130330884567e+04 8.588606518510683600e+03 3.795461125487824029e+04 1.382377774301797217e+04 4.395807768208609559e+03 5.234365562774533828e+03 8.318760171688723858e+03 1.216408798679122992e+04 1.374995924998907867e+04 5.205627743374639977e+03 2.272455605203285359e+03 -5.377333461264222024e+03 -1.617415885285174045e+04 3.025007707267095157e+03
3.016803206195622217e+06 1.217540940154099371e+06 1.618206991629493423e+05 2.096209420315233292e+06 2.347332233319884632e+06 2.352947086326122284e+06 4.281715629045232199e+06 1.274647836517524347e+07 3.105278710358033888e+06 8.182934241698983824e+05 4.805970299044268322e+05 1.519662443220519053e+05 1.359871592130743084e+05 1.547099404842341028e+05 7.603920414547584369e+04 7.390167034000848071e+04 1.992847205769421416e+05 2.034215616680530657e+05 1.422345235074502707e+05 1.724297048661483859e+05 1.115137688716931298e+05 1.434837976048208075e+05 3.696811646281098365e+04 6.796822841361015162e+04 6.943812955711522955e+04 1.919465211106030256e+04 5.685839188951988035e+04 3.033457998700316602e+04 2.499750706408366023e+04 2.822462192059245353e+04 6.064133359062649106e+04 5.039750977353450435e+04 3.216053776903450489e+04 3.369915401183116774e+04 3.494831391221945523e+04 3.334264156607061886e+04 2.358714466764819008e+04 2.164251950213375676e+04 9.355566234177689694e+03 1.523973227784008850e+04 2.070415694413363599e+04 2.094591548957244231e+04 1.024402782769509940e+04 1.314689550692567718e+04 3.051720343780197436e+04 1.178434800440222716e+04 1.944885663058671707e+04 2.077907472128048903e+04 1.119229521867753283e+04 1.652568343466229635e+04 9.553636217733723242e+03 2.003749803961846919e+04 8.928145883115326797e+03 9.927612808695705098e+03 9.134889187176091582e+03 6.025812619148690828e+03 2.899565871254475041e+03 8.995507339809344558e+03 8.768321327985697280e+03 -3.229719491511111187e+02 -3.504281365982101299e+06 1.835633230645301286e+06 -8.763615152833356988e+05 2.399425468734595459e+06 -9.817969560896714684e+05 2.568711019446698483e+05 2.264759449946056586e+06 8.838814956444028765e+06 2.479865279661120847e+06 5.950159947129078209e+05 1.529537629079282633e+05 1.337277239229052502e+05 -1.624071670665638521e+05 -3.305213882814827957e+05 5.025628917578106048e+05 1.459034674154830282e+05 1.296440911716100818e+05 3.019197215052517640e+04 -3.745412674848077586e+04 9.814490345681546023e+04 -3.431192981832162332e+04 1.852267294998427678e+05 -3.464358511149446713e+04 1.844678551028929069e+05 7.192892276400429546e+04 1.582806865431863298e+04 1.197969086164100299e+05 1.382124461303674325e+05 1.913182096545201784e+04 1.364927346571499947e+04 5.797288842733855563e+04 1.155095337008943534e+04 4.779554361583293212e+04 8.840053941961354576e+04 2.586956432214324377e+04 5.404943671360106237e+04 9.761248345487109327e+04 8.182485738455617138e+03 2.907611542819940223e+04 5.470087481891652715e+04 2.423732643258008466e+03 -5.627893014016234702e+03 2.791834599491234621e+04 3.186267230322237810e+04 2.489182951864294591e+04 5.160161813111518859e+04 4.875213196355225955e+04 2.529199238644062643e+04 4.575434344063177377e+03 -9.051773301130606342e+03 -6.397675961425190508e+03 -4.832730067844828227e+03 2.157244337254570928e+04 2.139744838799890567e+04 1.191771649137409440e+04 3.741747062832328083e+03 8.551672896246318487e+03 1.970924525182861908e+04 9.899257931486123198e+03 1.205901919343630470e+04
-2.916703484208063222e+06 -6.815206854810557561e+05 4.920583134277075296e+05 1.995431552466419758e+06 1.178137839356981451e+06 1.218858567712541670e+06 1.387214963837291813e+06 3.105278710358033888e+06 7.785374696860717610e+06 1.872905928168121492e+06 6.611947231675467920e+05 2.357630627173608809e+05 2.264654849563767202e+05 1.365215609334348410e+05 8.274547753291903064e+04 1.714895811851824692e+05 7.979358080368682567e+04 9.651266395921970252e+04 3.453258673351143807e+04 8.037366820613642631e+04 1.021435439253896766e+05 1.056633601996743528e+05 6.670774495178452344e+04 3.518762359537462908e+04 4.363099540377384983e+04 4.084226797353057191e+04 4.283195900603249902e+04 3.076629691405311678e+04 4.621875949762645905e+04 4.938045784566537623e+04 4.602031945827286108e+04 4.090384236241046165e+04 3.214163455751395304e+04 2.727875242841072395e+04 3.398200191141480900e+04 2.809334477337637145e+04 1.842019018161330314e+04 2.108058585966231112e+04 1.378256998687316445e+04 2.059737897350645653e+04 1.287881081290854308e+04 1.607228982225967411e+04 2.141510653174409163e+04 2.305278992935884526e+04 3.054672196427623567e+04 1.683672410438859515e+04 1.563034402016446074e+04 2.036987675385632974e+04 1.026558611544148516e+04 1.358732953592024751e+04 7.075349973160564332e+03 1.041595567299641698e+04 7.816251832441793340e+03 9.944870050361769245e+03 -8.578901923602877844e+01 4.256072074237939887e+03 -4.167854022326457198e+03 5.036775514044182955e+02 6.727911795711855120e+03 3.232776245369761455e+03 2.542336341820591595e+06 5.099317043142095208e+06 -1.439171837962735910e+06 3.241178140439835843e+06 9.854672863280535676e+05 1.320719945949923480e+06 2.726890463917530724e+05 1.534430090028897161e+06 3.853993644937386736e+06 6.712094506584070623e+05 -1.665648763647196465e+05 3.454795683526634548e+03 -1.476867738494115429e+03 -1.360187399507026130e+05 2.047191390921075363e+05 3.447496203667439841e+04 2.551737762290402679e+04 -9.006706462169894075e+04 2.968845353372181489e+04 1.814934888242056695e+04 8.304164803850016324e+04 1.188274488776125509e+05 -1.825892054356621156e+04 -2.184468740179224824e+03 5.187579509936292015e+04 1.041376280410819345e+04 5.511204798119975749e+04 3.748969603242092126e+04 2.708307997990786316e+04 -1.170153765703286626e+04 3.636897269333275472e+04 3.677618193229866301e+04 3.957436018751185475e+04 3.561394720930956828e+04 3.902410109685832140e+04 2.430866176176728186e+04 3.573723394582837500e+04 2.506403735835013140e+04 7.412537309277195163e+03 4.222033418377902126e+04 1.768262576173941852e+04 1.214530554809878777e+04 1.708954077683779178e+04 2.359310097273121210e+04 1.170376375064267995e+04 1.068083592093384505e+04 2.007176342857468990e+04 1.637744284206570956e+04 -7.265011859747464769e+03 1.496719223099751798e+04 1.568069860890173550e+04 5.899391527286081327e+03 -2.489450604371131703e+03 1.861896890142121265e+04 1.697730980218990908e+03 8.195565483819200381e+03 1.501273363509121918e+04 -1.439053757901949098e+02 -8.807641576994037678e+02 -7.844553420131403982e+03
-2.593070827220390085e+06 4.620212552082825569e+05 1.792565208147714147e+05 1.126210775520040886e+06 6.731208297075813171e+05 9.116923968870869139e+05 9.833146349265350727e+05 8.182934241698983824e+05 1.872905928168121492e+06 5.184464204707084224e+06 1.242180098787453957e+06 4.408369297323313658e+05 3.387348457207247266e+05 2.140890628389558697e+05 2.380393113632068562e+05 1.421494973234060453e+05 1.345543829598713201e+05 1.201905525850564736e+05 9.501777892637363402e+04 8.576054859803894942e+04 1.364349259223898407e+05 1.026923471661691292e+05 5.418014741409679118e+04 5.525916277237408212e+04 6.568586397693349863e+04 6.756563244203735667e+04 3.778817165749061678e+04 4.861930925146167283e+04 4.872437892403084697e+04 3.196514267121501689e+04 2.377874436723732288e+04 3.930338093174045207e+04 2.219041078142658807e+04 4.480694706404687167e+04 2.239149039280782017e+04 3.065495190840369833e+04 2.740775807130966132e+04 3.186319321979132656e+04 1.912562989063257555e+04 1.916030154359152584e+04 3.236124999158975334e+04 1.416276870442195650e+04 1.875940704352119428e+04 2.297729316963077144e+04 1.874499739803080593e+04 1.429539934988403547e+04 1.919397704267268273e+04 1.597924130752876772e+04 6.797977134474582272e+03 1.361420797893066265e+04 6.364981348994236214e+03 1.179200129469707645e+04 8.366003121994313915e+03 7.748330151839424616e+03 7.612681611147985677e+03 2.659756113366237059e+03 1.033850088795981901e+04 8.236965368604978721e+03 2.696729880694514122e+03 -1.299320880342067994e+02 3.774769860786431469e+06 1.005381497580954572e+06 -7.254032977366052801e+05 5.466436128871494438e+05 7.338285491171677131e+05 1.247995738946533995e+06 4.403367719253312680e+05 3.433395478523803758e+05 1.157238394496296532e+06 3.068006172025805339e+06 6.177775580783721525e+05 1.380859239341550565e+05 1.517101333525062364e+05 6.391494368810301239e+04 3.539628871099181124e+05 1.046886453359863517e+05 1.728498097461828438e+05 1.768975747450866620e+05 1.403503646918258164e+05 9.105029283225130348e+04 1.335125430588909658e+05 1.325024059065038164e+05 9.886572057214114466e+04 2.463165025658341165e+03 9.857149840688578843e+04 1.056523390050962480e+05 4.209432826031975128e+04 -1.675432705977302703e+03 9.412601098754214036e+03 4.961969818584222230e+04 2.023626756784427926e+04 6.949096459004967073e+03 1.741894842516467179e+04 7.443081399976763350e+04 3.394109153958360548e+04 2.982720186214886053e+04 4.223712783514539478e+04 2.361788742360805918e+04 3.958737556012400455e+04 6.344792250168282771e+04 2.008080199995550720e+04 2.252629948120237896e+04 1.036591871667897067e+04 1.988170357136945313e+04 1.602476881617487152e+03 2.218872604334091739e+04 1.009499611746863775e+04 1.612787038804658187e+04 7.040111824392050949e+03 1.874697032456092711e+04 1.990182354822344905e+03 2.695389005642243319e+03 2.214884233110390778e+04 2.232884851971773969e+04 4.363287084290102030e+03 8.034104716453122819e+03 1.576108706295253069e+04 7.079826229245351897e+03 2.405378763197537046e+04 1.205219912172233308e+04
-1.197043197018441046e+06 -1.726434374584939505e+05 1.039357731538484455e+06 1.233838755858462537e+06 7.538882705982147017e+05 5.514209223373535788e+05 7.001616379776221002e+05 4.805970299044268322e+05 6.611947231675467920e+05 1.242180098787453957e+06 3.462267426373996306e+06 9.770308102680204902e+05 3.269095155673157424e+05 2.084253906648543489e+05 1.201153475606012507e+05 1.203193098888534441e+05 1.056260367694359011e+05 1.061871943471001578e+05 4.016588856418659998e+04 6.076330270065382501e+04 7.239387410243527847e+04 8.922256871686079830e+04 5.927363537225875189e+04 5.200286828425492422e+04 4.427448397537888377e+04 3.263486046535075002e+04 3.010733366297731482e+04 2.632471065276136142e+04 2.401439598158109584e+04 3.537593814066473715e+04 3.507074045160170499e+04 3.155014799866505928e+04 2.118357582882124916e+04 8.589612845392288364e+03 1.625192058486280257e+04 2.172532529433288437e+04 1.899031456937404801e+04 1.740423696240940626e+04 9.828395366048627693e+03 1.197413687000662867e+04 2.356541681864854399e+04 1.980381968937290003e+04 1.767748167938393453e+04 1.898234107693833357e+04 9.862568457059385764e+03 1.335544007926162340e+04 2.084648076079386738e+04 9.965560708476297805e+03 1.064821443012225427e+04 9.319484888393368237e+03 9.084097564260902800e+03 8.892208975236389961e+03 9.310421848799960571e+03 1.474495598054169704e+03 7.570747668035161041e+03 6.744630825054275647e+02 1.826651364035469669e+03 7.955299842912345412e+03 8.235805707055473249e+03 4.645783918594879651e+03 1.842909156029174803e+06 2.527681149284814484e+06 6.224941729570541065e+05 9.212372233267591801e+05 9.714741399955052184e+05 1.306882165896917460e+06 1.252095492306204105e+05 2.970263749839766533e+05 5.222232116988814087e+05 2.622525563249804545e+05 2.127913914768793620e+06 6.015612052938113920e+05 1.535602777782885823e+05 2.073276244279732782e+04 1.387772333199146087e+05 2.219052863473621546e+05 1.048786219635923480e+05 1.181108862562144350e+05 3.584418245149456197e+04 6.158633168205602851e+04 -5.089756431567740947e+04 2.051029766012741675e+04 4.572578527936276805e+04 2.106103396362846615e+04 5.977975841092741030e+04 6.436570788735843234e+04 -1.396567184669823746e+03 1.633290583912734110e+04 2.199423135043701768e+04 2.499266974142756590e+04 2.278522218893237732e+04 9.293882575845791507e+03 -9.760374497486902328e+03 2.808928280180327056e+04 1.069714541006575200e+04 -2.450165239627111987e+03 2.451774732931308972e+04 2.881047960763264200e+04 3.273908956754040628e+04 8.929980461924951669e+03 1.070769993834039451e+04 1.142632672092092616e+04 1.356694416551705763e+04 1.447402099743260806e+04 4.511550717885971267e+02 8.821510921843218966e+03 3.874441322464470431e+03 -2.535329443310477018e+03 -6.682020751487256348e+03 -1.929302773907867845e+02 -6.893965133036063889e+03 5.589048049156692286e+03 1.151944391307658043e+04 1.939676934359207735e+04 -2.581626124266857005e+03 -5.796317055457169687e+01 -2.770425272246799068e+03 -6.662846645474784964e+03 3.471585190106301980e+03 -1.955302959255760697e+03
-1.413738529564657481e+06 5.772513052082996583e+05 1.548117240105920238e+06 8.399627627096654614e+05 7.753194963133736746e+05 7.276697938625578536e+05 5.575558055267438758e+05 1.519662443220519053e+05 2.357630627173608809e+05 4.408369297323313658e+05 9.770308102680204902e+05 2.884544124696835876e+06 8.011661696151210926e+05 3.011592837051008828e+05 1.669714368001025869e+05 4.573456891770629591e+04 9.626868266592962027e+04 1.136706743651602592e+05 8.019556632367314887e+04 6.457445342458620871e+04 9.405510197464950033e+04 7.702895464603611617e+04 4.487392601888011995e+04 3.782803098761400906e+04 2.646960139439504201e+04 2.011904958488633565e+04 1.770882945182537151e+04 3.335569578503975208e+04 1.303114317673335790e+04 3.437217846750546596e+04 4.048124114910404023e+04 4.114963634004679625e+04 3.565458941344539926e+04 2.744757845267654193e+04 1.998013340590878943e+04 2.755539613383613687e+04 1.171608323391425802e+04 2.229182889457849524e+04 1.852808036092381371e+04 1.081002495479156278e+04 1.472319796230875363e+04 8.781660307109032146e+03 1.256072505674816421e+04 1.175210728233777627e+04 7.805577600713425454e+03 1.275262784124428254e+04 1.063367041762926056e+04 1.510780190124778346e+04 1.258843186055858678e+04 8.437097773290161058e+03 1.066517212974046561e+04 7.237377241977644189e+03 1.077623423955431826e+04 9.450630081255314508e+03 7.412053456001932318e+03 2.686004536886794540e+03 5.924557070891049989e+03 8.467120031559432391e+03 9.853294443652686823e+03 7.214081939188321485e+03 1.579148342550334055e+06 -5.795263159026792273e+05 -4.110099505670250510e+05 5.227250316599069629e+05 6.719364004173774738e+05 1.290176361637458904e+06 6.221105202258146601e+05 4.456739035272625624e+05 5.270088170229850803e+05 4.191577475035693496e+05 6.309712756252386607e+05 1.904760253670546925e+06 2.541980714009486837e+05 -7.813990583359262928e+03 8.190635899999582762e+03 1.266002646536547836e+05 4.663139358587821448e+02 5.764949919345721719e+04 1.361649056864617742e+05 1.873217718955208329e+04 1.061942469040224241e+05 7.950154777052806458e+04 7.554760108129211585e+04 2.207398271657121586e+04 1.938568497267229395e+04 4.691118220391039358e+04 2.696034529499230848e+04 -1.170952174347147411e+04 3.901054830797316754e+03 3.424332248688054096e+04 3.342200733236062206e+03 2.514106862875558727e+04 2.024403848712009494e+04 3.239853819945857686e+04 2.687178136380228170e+04 3.965561843518350361e+04 2.044283882750381599e+04 2.125785973840205043e+04 1.497774169163338593e+04 1.061816928922219267e+04 2.748936837797329645e+04 1.270803318470031627e+04 5.066528929932412211e+03 2.503596683375153953e+04 1.672594090024392790e+04 1.578262319978072446e+04 -8.903776172318510362e+03 -3.468249809186514995e+03 5.363436110802223993e+03 1.810013834415760130e+03 3.416122971851855709e+03 -2.411989453124934641e+02 7.122181743495702904e+03 1.563700967618756840e+04 1.068975915997469929e+04 -2.021037084730191737e+03 4.153446789461310800e+03 1.156843703670284231e+04 6.464972348829661314e+03 2.894131624894196648e+03
1.423870564296603261e+05 1.036426995071933488e+06 2.786567993981731124e+05 4.535531225265668036e+04 1.189876594055746828e+05 4.368979329060164746e+05 5.104241410506866523e+05 1.359871592130743084e+05 2.264654849563767202e+05 3.387348457207247266e+05 3.269095155673157424e+05 8.011661696151210926e+05 2.080927936379242456e+06 5.297825453515930567e+05 2.066695997265318292e+05 7.450761378792396863e+04 1.059884653226331284e+05 1.089759927305599558e+05 5.314072710341580387e+04 3.426849270616252034e+04 9.334745512540529307e+04 6.553306770483111904e+04 5.290473913440723845e+04 4.057542913298882922e+04 3.276323323476598671e+04 2.147583395441916218e+04 2.139144336327470955e+04 1.735672750376021213e+04 2.483005334509709792e+04 1.667260322102365535e+04 2.140446443438882125e+04 2.246482191422045435e+04 1.868849971127038225e+04 1.879902716861907174e+04 1.116624481725058649e+04 2.026171380090970706e+04 1.545263149946393969e+04 1.479618680691105328e+04 1.413021989565624062e+04 7.372034373925940599e+03 5.514558665268383265e+03 5.724246967009842592e+03 6.930301523465217542e+03 9.345857627785979275e+03 5.946681738004217550e+03 4.854654894119405071e+03 6.422445864227065613e+03 1.130160449757451715e+04 1.385092712754062450e+04 7.226901112408553672e+03 8.528220244555055615e+03 8.591707446623273427e+03 1.015621222518829927e+04 9.743911824625085501e+03 2.718213345167431271e+03 4.229514725166009157e+03 3.555537085694435518e+03 5.541915785067998513e+03 4.884748246512146579e+03 4.750226860797763948e+03 1.319740457966992690e+05 5.709423297237907536e+05 -1.551158882923372730e+05 -6.299355944689122261e+05 3.080385443139428971e+05 3.629466001930960920e+05 2.336910061840684211e+05 3.222237651372385444e+05 1.544744753761691391e+05 3.229529889956648112e+05 4.501981729600003455e+05 5.626606519654247677e+05 1.238461319789793110e+06 2.321040584555015084e+04 8.834155097404896514e+04 4.513529433746754512e+04 4.070542140590598137e+04 3.331571141332358093e+04 6.046886386064597173e+04 1.633400014367018230e+03 9.149577909383895167e+04 3.813100919756662188e+04 4.984792615298635064e+04 6.695091618726220076e+03 3.706154442558874871e+04 2.583110524307646483e+04 3.643909212664453662e+04 3.589817472315341001e+04 -9.556113011211940602e+02 2.408800759617417862e+04 8.663511247806183746e+03 2.206745990401924064e+04 3.281315252937954938e+04 2.391766392248791090e+04 3.162353185856000709e+04 3.413450178890157986e+04 2.211307598066415449e+04 1.313154913460536409e+04 2.671983731080729558e+04 2.446233568805045434e+04 2.415282146254558756e+04 1.542781036736178794e+04 1.469707343474502522e+04 2.072145913509454840e+04 1.929013977887580768e+04 1.891819461886960926e+04 3.809866629291125264e+03 1.148670511496057043e+04 3.546193300451008326e+03 1.165483239104152017e+04 6.623165207623937022e+03 5.969059454986121636e+03 8.403680586357068023e+03 1.704784128573169801e+04 8.553655427322682954e+03 1.363261519876867169e+04 1.328830451692025918e+03 7.224761415232450190e+02 -9.277785267340568680e+02 5.866904974641828630e+03
