1.055690867928385735e+09 1.377050752331743240e+08 1.392051724991429970e+07 -3.596805452541660983e+06 -1.892840373845392140e+06 5.079947260701350169e+05 2.109507981630728580e+06 -1.121968606378165539e+06 -1.450124081465539348e+05 3.277787001646026620e+05 -2.435768398505708319e+05 7.806220021727612766e+04 6.347079926029148046e+05 1.041181797691747430e+06 9.691185552223111154e+04 -9.102433023569169745e+04 -2.606068825282447506e+05 5.011468984807408415e+05 5.620115009150451515e+05 4.496017485246889992e+05 1.091306153207549796e+05 4.398555857378807850e+05 2.080272043694141903e+05 2.121697665184670768e+05 -1.123078886894260504e+05 -8.333261063266254496e+04 -2.936648870297042886e+05 -1.590544458891084942e+05 -7.396066669080041174e+04 1.497266798631320416e+05 -4.352712818130108644e+04 4.061329235453279398e+04 -6.157652864772330213e+04 9.741421581463659822e+04 1.328189385190695466e+05 -7.526730109826478292e+04 1.510533498479129594e+04 -4.423037531578584458e+04 -6.224751828536063840e+02 1.034284457891417405e+05 1.127080998085530155e+02 -2.385792248274082522e+04 -5.865850368337576947e+04 1.987295984569922075e+04 3.667257044155579933e+04 3.038241207477656644e+04 4.029137004688337765e+04 1.694703154335261206e+04 3.111172499123663783e+03 2.255661093357864956e+03 1.411620412020511139e+04 2.558775133903757160e+04 3.292823926931437018e+04 -7.067943702252450748e+04 -3.604212949919477978e+04 -8.785132286766489415e+03 -2.146143175747465284e+04 -4.020328721146954194e+03 1.128511373750965868e+04 2.478615625459734656e+04 2.693325998699760437e+08 1.639739447337438464e+08 5.205111451778979599e+07 -6.972818880007109838e+05 5.816323790693194605e+06 6.161446731449349783e+06 3.111928223152493592e+06 1.269501417509146035e+06 1.830820102696887683e+06 -5.386414120298866183e+06 -7.342228634374049725e+05 -1.192777077109105419e+06 1.024285789168881718e+06 6.135912697529890575e+05 -1.080241329067561164e+05 -5.630684687691465952e+05 1.367239519685181556e+06 7.309936680764511693e+05 2.945593263111793203e+05 -1.471195388427823782e+06 7.347079221125078038e+04 6.875301234848462045e+05 5.611650316642303951e+05 5.905004844414315885e+05 3.918592416385213728e+05 2.551552459349366545e+05 2.053227366127459391e+05 1.151588344343715653e+04 9.477073548600467620e+04 7.046070155753792496e+05 3.362268493478313321e+05 4.601981048280936084e+05 -8.067432611425727373e+04 -7.651763026015857758e+04 1.971938343870516692e+05 1.477188481025591027e+05 3.421374334085916053e+04 2.452889014195695054e+05 9.936504342065649689e+04 -2.473152146125696527e+04 9.709842319954654158e+03 -8.109530296910612378e+04 -3.113059940173546784e+04 4.688158521224216383e+04 -3.380087988410525213e+03 -6.504849154393317440e+04 1.517921641629627848e+05 1.521947609306909435e+05 -1.423849204021554615e+05 -7.328325294945015048e+04 1.016378301681929297e+05 1.358676058631017222e+05 1.107290656249532767e+05 1.189763457436967292e+05 6.131389754771478329e+04 3.893053810523122229e+04 -6.669756795910937944e+04 -4.662285523577656568e+04 7.172335339889227180e+04 -4.254579152226231236e+04
1.377050752331743240e+08 2.466923758292845190e+08 3.643902557915917784e+07 2.733001350925561972e+06 -5.073587554631304229e+05 1.238545675017025322e+06 1.450662578481847886e+06 8.646706524048072752e+05 7.753864720770738786e+05 -2.252350089597303595e+05 -2.211695688948879251e+05 -5.169749828579864698e+05 1.452034365196621220e+05 -2.503254669712975156e+05 1.887113524360613083e+05 1.015052580707900343e+05 1.939109536261366156e+05 1.970285010579884329e+04 -7.734393063970061485e+04 -1.079488897455028928e+05 1.233350309818031674e+05 -6.310410247939963483e+03 1.258006104840596236e+05 3.406702308492884185e+04 -1.427977340694823652e+05 -2.755276415812793130e+04 -6.618157389847998274e+04 -1.045439921950784774e+05 -2.240393891753006756e+04 2.649907675477248631e+04 -5.885815625670798909e+04 -1.195633238023999547e+04 -3.183894210416621718e+04 -1.189564851006868048e+04 6.494717058713520964e+04 -2.010821492854303870e+04 1.311881009771786194e+04 1.088091130976134082e+04 -2.835939201978059373e+03 -1.134206620009532526e+04 -2.834411592079717593e+04 -4.525763470511468768e+03 -2.419135349828978360e+04 -2.320536078244764212e+04 -7.435698469823645610e+03 -2.260057336499052326e+04 -3.761210066310675757e+04 -4.513637853411946708e+04 -4.135647277813177061e+04 -4.711795957103127148e+04 -2.496917363418202876e+04 -1.863539336498037301e+04 -2.427384096342414341e+04 -3.130864656770625152e+04 -4.932155409599288396e+04 -2.791274939477828593e+04 -3.216370969153064289e+04 -2.718892564079657677e+04 -4.912545559188594052e+04 7.055588846774503509e+02 4.021753843655228615e+07 8.241358004504702985e+07 4.668736979888851941e+07 9.939637118867976591e+06 -2.823157493949970230e+06 1.494625342174229445e+06 3.712212866469261353e+05 1.830567631007942604e+06 1.555846400181142613e+06 7.330101467036012327e+05 -4.056770405555624166e+05 -1.367237442156878067e+06 -5.294788061306503369e+05 -7.468186962047724228e+04 2.252280000256135536e+05 -3.816123947526969278e+04 -1.694155216055638739e+05 3.147940670553543605e+05 -2.582446161282364628e+05 -3.598045121292719850e+05 7.516609328993882809e+04 1.453093261255234538e+05 1.738712115565669374e+05 2.267226921184096682e+03 1.372474238950731524e+05 2.463536550285040903e+03 5.506643753157016181e+04 3.963255471223642235e+04 9.731195941410431260e+03 -6.975490309017390246e+04 -1.562061609824066636e+03 -1.523114054480597842e+05 -1.857903975165367592e+05 -3.424986096587566135e+04 1.942466968826142329e+04 -1.026280058644824749e+04 -3.133244632155662111e+04 9.899369667836579902e+04 3.138362742926071587e+04 -6.753015301389503293e+04 -3.405390798416335019e+04 -1.040404963574740395e+05 -8.367531174880854087e+04 -6.801153211219629156e+04 -9.404366014951004763e+04 -6.119992493894565268e+04 -4.637603204417259258e+04 -6.187101950328654493e+04 -1.163054368910980120e+05 -1.138826659276647115e+05 -2.081553961263094970e+04 -7.017254352368479886e+04 -6.589657911835078266e+04 -1.118902457461297490e+04 -1.990019304255103270e+04 -2.058009042566414792e+04 -9.779815271507015859e+04 -6.633531984548851324e+04 -2.695880868129275768e+04 -8.592916832533526758e+04
1.392051724991429970e+07 3.643902557915917784e+07 9.596730340339867771e+07 1.819126835981300101e+07 1.022878412535876618e+06 4.546906001984180766e+05 3.790220028585335822e+05 -5.740600427284290345e+04 5.377509672867553309e+05 1.220486857158957428e+05 -3.659825601832550456e+04 2.550545769824947056e+05 4.467236230529746390e+05 -1.401222397684713069e+05 -5.801120627900494583e+04 -1.694281775472939626e+04 1.672161010662157496e+05 6.091073191664878686e+04 4.224182806867143518e+04 -2.844493320975756433e+04 4.962839452629654988e+04 -4.448503902425983688e+04 2.725199373679989003e+04 1.070966867363518031e+04 -5.482339100539229548e+04 1.056640130663406599e+05 1.402733971457190091e+04 3.642071336997117032e+04 3.224889359385292119e+04 2.226657812779631422e+04 1.465726215027786748e+04 -2.517749428745037221e+03 -1.950561473396857400e+04 -4.641532778282650543e+04 7.031470892948869732e+03 -2.141059127178955168e+04 1.190387340806447901e+04 -2.829621183946575911e+03 -1.604430803026699323e+04 -2.726221972864878626e+04 -4.198895652773418260e+04 -2.253979368212392365e+04 -1.007121226591321465e+04 -2.191740426071347611e+04 7.458664869525459835e+03 -2.641024954774724392e+04 -2.378810969761002343e+04 -3.229823662915395471e+04 -1.023638990864052175e+04 -3.327399984877779389e+03 -1.809541773735501556e+04 3.961755292319584896e+03 -1.453090901241482425e+04 -1.985716584372014040e+04 -2.543751227080894387e+04 -1.301937900498526324e+04 -2.636350117922465506e+04 -2.010352468336066158e+04 -1.710653113191989178e+04 -1.361515316186904602e+04 2.800824820662849117e+06 7.563601566874341108e+06 3.492094563192062825e+07 1.994651437810414657e+07 4.256388288995406590e+06 2.976203189309133450e+05 -3.817619801291906624e+05 -4.437043493850439518e+03 -2.332096998575550679e+05 -8.497558206773146521e+05 2.470884422242721485e+05 5.942218562222727342e+05 -2.340226079348306521e+05 -2.085699558447232412e+05 -5.247566777633710299e+05 9.619888868673387333e+04 5.809077165782542434e+05 6.063730218027206138e+05 -5.443202239567323704e+04 -1.131437748844581220e+05 -2.706618199602047098e+05 7.412282800191836031e+03 1.069331837267854135e+05 -1.119880060882798134e+05 5.199178163622508146e+04 1.271991592232109542e+05 7.606622325938046561e+04 1.068406006098533690e+05 1.202185469640862284e+05 4.803164330885588424e+04 -3.015211923480019323e+03 -6.682491044242132921e+04 -8.797131163817664492e+04 9.394855132963246433e+04 -2.876196990198513231e+04 -2.096779920935862901e+04 2.442699092496961021e+04 3.324665318875424418e+04 -4.373620103094532533e+04 7.603674254541323535e+03 7.184403741297653312e+01 -4.540817545668713137e+04 -3.542122180647557252e+04 -1.749113045381208940e+04 -2.417091025542723219e+04 -2.198334592951467857e+04 -9.179154984335144036e+03 -5.074521761490802601e+04 -6.681067880472229263e+03 4.391101106776960478e+03 1.094835678767451100e+04 -4.009667369954176684e+04 4.736531152212884990e+03 -1.990765652512691668e+04 -4.581061270298766613e+04 -1.778771185902921206e+04 1.206967311424208492e+04 1.878394417532768784e+04 -3.264651458115991045e+04 -3.227009257725574207e+04
-3.596805452541660983e+06 2.733001350925561972e+06 1.819126835981300101e+07 5.508993213705209643e+07 9.377574127210432664e+06 1.538475392714696703e+06 -3.269475348577798577e+05 -1.218118229801883717e+05 5.315369751056781970e+05 3.383934968777630711e+05 4.589279043196538987e+04 3.948299466068792390e+05 3.569612932970197871e+05 1.707679443335786345e+05 2.475171431954297004e+05 1.910203812556564517e+05 1.134869728046379751e+05 8.888743578846087621e+04 4.924365377494480344e+04 8.641648952377297974e+04 8.099236300820509496e+04 2.544579600772036792e+04 2.968557982854699367e+04 -8.374814313546098128e+04 -5.302301950125844451e+04 3.516546355180641694e+04 3.216213377836026484e+04 3.039601893456648759e+04 4.671352612992821378e+04 1.293476413277641768e+04 4.192692247385666269e+04 -7.866746941459534355e+03 -4.267846770707035830e+03 2.918381815438595004e+04 4.035734384192869766e+04 -1.232912932756750524e+04 -1.251298005286706029e+04 3.449092848163328017e+04 2.377357376122241112e+04 1.545977088091708902e+04 2.677620558865680141e+04 2.584942053433564070e+03 1.305489554394718289e+04 -5.977473833611389637e+03 2.135366331882561281e+04 7.787792056246756147e+03 4.459763208984356424e+03 -2.660179899881688925e+03 -3.658366422048158711e+03 9.884754623060092854e+03 4.632927007661464813e+03 3.907189978107232491e+03 -4.089671531594774933e+03 2.148647417801081247e+03 2.729565980374198716e+03 1.465109638539009666e+03 -8.392506826967150118e+03 -3.993284453784878679e+03 -1.133403662626328878e+04 -1.161376988708548197e+04 -3.100296252348236274e+06 1.894193149048622232e+06 5.445991564494367689e+06 2.069979982491704077e+07 9.281207539696037769e+06 6.601198869466793258e+04 -7.493687772738673957e+05 -1.942612444800065714e+05 8.565891405174520332e+05 2.170398330024435199e+04 -2.563320216863267124e+05 6.337920686592489947e+05 -4.716770981934767042e+04 4.541408232554885908e+05 5.093093014888253529e+05 1.830037307367082976e+05 7.836993686229492596e+04 1.155478141698588588e+05 4.040697344428914948e+04 -1.154199019004242873e+05 -2.198897112450829300e+05 -9.852831488799351791e+04 -7.062038773327739909e+04 1.702927638237716224e+02 -6.481904670650555090e+03 2.001521207385245652e+05 -1.433949049066324187e+04 -6.586195199490853702e+04 -6.624962980238861928e+04 -3.756027097681481246e+04 -7.002081797389699204e+04 -1.011762194773854280e+05 -5.415432996966057544e+04 -1.142446185918840638e+04 -1.153789380608536158e+04 -8.696403187401130708e+03 -3.066369279382905370e+04 -3.799158745284933684e+04 -4.248299509135271364e+04 -1.162534855334021086e+04 -2.074035742243649656e+04 2.096928142899359227e+04 -3.179194406224604609e+04 -7.378593923073898623e+03 -2.459011369233960431e+04 -1.353489340099074434e+04 7.451021400695115517e+03 -4.333441325219177088e+04 -1.328832026494438105e+04 -1.918341103503387421e+04 -3.050341125261182606e+04 -3.773538788654175733e+04 -1.953669405176191867e+04 -3.229638257520441766e+04 -8.332887121680136261e+03 1.707671716685937326e+03 1.196851488151333115e+03 4.289823487162952006e+03 -1.805577873678421383e+04 -2.226122198930355808e+04
-1.892840373845392140e+06 -5.073587554631304229e+05 1.022878412535876618e+06 9.377574127210432664e+06 2.967499015185447037e+07 5.930481341965870932e+06 1.489651969360204879e+06 3.797547710614067037e+05 1.646177135765513522e+05 6.990455115377956827e+04 1.951695853264280595e+05 4.220654336641721311e+05 1.898248773118899844e+05 1.397852303436922375e+05 -6.494922569938384549e+04 3.934963676499880967e+04 1.039893776949731982e+05 1.185204086977947009e+05 1.045479140777824068e+05 1.003640784718409236e+03 2.959835377673599942e+04 1.023667350895314303e+05 1.537873876361464681e+03 1.712895637653519225e+04 7.563275508814587374e+04 -5.886029703734352552e+03 8.364778031965050104e+03 -3.168675992705891076e+03 2.844852005231239218e+03 -7.726689050599150505e+03 3.479984041372688807e+04 3.669223235574549471e+04 2.545318311825007913e+04 1.560152274157843385e+04 1.201796356500954062e+04 5.366623258667863411e+03 2.696793549409585466e+03 8.310965910884398909e+03 3.809428438775106770e+03 8.502239095410031950e+03 2.031209332487219217e+04 1.869486475098437722e+03 1.082615832755549263e+03 8.316096187151484628e+03 9.763048024600406279e+03 1.744439397383365213e+04 4.962097367723784373e+03 -2.042297874183440854e+03 7.744533627634935328e+03 1.222735535539185003e+04 4.051409419640138367e+03 -8.216999782784099807e+03 -1.057890712000614985e+04 1.476279801193586536e+03 2.592627688121004326e+02 1.837453586699481775e+03 2.004812685452138794e+03 5.281821844798091661e+02 6.465188543849029884e+03 -7.227301043726110947e+03 -1.169342732399151661e+06 1.762342267870048294e+06 5.663026643089127028e+05 5.367347388111219741e+06 1.420442812703153491e+07 6.309766335934995674e+06 2.370140574353654403e+06 5.189835437579184072e+05 1.063345502354677883e+05 2.678623224024615483e+05 3.142446459330262733e+05 -1.453310314032755559e+05 6.539289831130840321e+04 1.410209317237270297e+05 -1.365510921944899892e+05 7.220805329421994429e+03 3.952537290526530705e+04 -3.444530886237390951e+04 -1.870664664673915249e+05 -9.983906744729903949e+03 5.676189024386557867e+04 4.238750075868934800e+04 1.835389416824464570e+04 1.211793113768062540e+04 -3.523734528153556312e+04 5.578985747831949266e+04 4.606506849577511457e+04 -2.378215617650707281e+04 -7.206236027739705605e+03 -3.033518379667825502e+04 2.818143122210773799e+04 1.375358123893975517e+03 -1.318777410156053338e+04 1.305163654518450585e+03 3.633625888913095696e+04 -6.276574702962824085e+04 8.007477005661149633e+03 2.326333987477343544e+04 6.797381907425707368e+02 -1.089285632945056022e+04 2.902747765052007526e+04 1.315263296610330508e+04 -2.034447151154168387e+04 -3.412843434979483391e+03 -2.871925409603106164e+04 -4.703790248713010442e+03 1.757296117642665195e+04 2.746290178614141041e+03 -2.736749313301524580e+03 -2.133084243637961845e+04 -2.626867809651537027e+04 -3.438840071526276006e+04 -2.692003020816471326e+04 -2.473024400216998401e+04 -2.021384742220209955e+04 5.824747109511038616e+03 -1.243110974277968307e+04 -2.259367336896213237e+04 -1.130662497872900349e+04 -1.948837168540172570e+04
5.079947260701350169e+05 1.238545675017025322e+06 4.546906001984180766e+05 1.538475392714696703e+06 5.930481341965870932e+06 1.724404154470062628e+07 3.207135676981903613e+06 6.867324389690030366e+05 4.860518989481458557e+05 1.688818398603903188e+05 2.856848401266472065e+05 1.374506991124103079e+05 5.802718589178947877e+04 -5.878661043916605195e+03 1.057526500156625407e+05 9.814490764086415584e+04 1.458114434980386868e+05 8.676318570698142867e+04 7.556759646995818184e+04 1.435342456450003920e+04 6.919615814482970745e+04 2.677905596772482022e+04 4.241484252813442436e+04 6.432992331683370867e+04 8.015067277539829956e+04 3.838759415837626875e+04 9.764657858484853932e+03 1.835465330745804522e+03 3.607340839960554877e+04 2.944456293395394459e+04 3.542174501841664460e+04 2.657644697393710157e+04 2.706624988496934748e+04 1.794138155595528588e+04 8.447106485420565150e+03 1.591405462802676448e+04 1.860616316172455481e+04 2.098856829669232320e+04 1.003305477967487423e+04 3.293805897745718539e+03 1.080364278850785558e+04 9.223997090988412310e+03 2.156250737278168890e+04 2.837826752266220137e+04 1.988647514681788380e+04 1.793621515065242420e+04 4.792511435425701166e+03 6.952785318699482559e+03 8.942293977364570310e+03 2.308067976558520058e+03 4.888787264566473823e+03 7.157923499063516829e+03 4.610774040364709435e+03 8.024753427099591136e+03 3.426151593044540391e+02 5.519880749106617941e+02 -2.962691371403243920e+03 -1.854584330107664982e+03 5.191841043880112920e+03 2.943216019593939563e+03 -4.512346608059654944e+06 6.156433823991964571e+06 2.443521871577771381e+06 2.644608710332410410e+06 5.027169201646809466e+06 9.805428829410308972e+06 2.564668100296970922e+06 9.703579435451944300e+04 4.812564013467549812e+05 4.243337180536615197e+05 6.594921160689761164e+05 1.890595850704916229e+05 9.274594420841113606e+04 -2.468983219499625266e+05 2.088151984095640946e+05 2.290520932229263999e+05 2.069250757125489181e+05 -6.983301626544600003e+04 1.369348419062148023e+05 3.788105244798972853e+04 -3.439206276235507630e+03 6.075145580705352040e+04 3.180150179606979509e+04 1.661167177768408510e+04 3.652012287030785501e+03 3.843740331592077564e+04 3.165358905645013874e+04 9.523788187424883290e+03 3.986429700352655345e+03 1.372536327139736932e+04 2.893672364405974076e+04 4.468332206680929085e+04 -5.255105554531304733e+03 2.305244604352222814e+04 2.049760234919521099e+04 -2.094200323855942042e+04 2.763161896525039083e+03 -3.952885712027468799e+03 1.076157650430011381e+04 -4.693248582534404250e+02 3.162498532374461865e+04 3.429124060195107450e+04 2.043065707569024380e+04 5.010976106847591836e+03 -6.707520778854972377e+03 7.061316468774169152e+03 8.022853093503455284e+02 -1.153968280828565366e+04 1.400635605174847296e+04 -2.346878237944360080e+03 -4.025973168656822054e+03 -4.773324771367617359e+03 1.555379634048411026e+04 9.632170098855289325e+03 7.068728741971427553e+03 6.206207736499181010e+03 -1.137873922121962823e+04 6.759407680358419384e+03 1.671861718660421047e+03 -4.771227590481760672e+03
2.109507981630728580e+06 1.450662578481847886e+06 3.790220028585335822e+05 -3.269475348577798577e+05 1.489651969360204879e+06 3.207135676981903613e+06 9.569260011078497395e+06 1.800085200675546192e+06 5.414452560695208376e+05 2.265932099425696651e+05 1.157591935942942364e+05 1.127169724453708623e+05 6.228822633959662926e+04 3.558356738058455085e+04 2.365869704628702675e+04 -5.129892397315584276e+03 5.923584555709974666e+04 2.297266878203292799e+04 5.252094196428829309e+04 3.663964942993681325e+04 5.058340502797170484e+04 4.304957058861914993e+04 6.215959638425585581e+04 5.498508397833370691e+04 5.269113580910749442e+04 2.056210818046902205e+04 1.740927443792956910e+04 3.309708443630371039e+04 1.858849304627969468e+04 1.819814249724029651e+04 1.609480906869455248e+04 1.133419068479532143e+04 1.833309506302340378e+04 1.843442032873087373e+04 2.528962621474013940e+04 1.067438382427445322e+04 1.306591437513833807e+04 9.300445557603263296e+03 4.604080311430102483e+03 1.037538474668161371e+03 6.473148509612859925e+03 7.596988421058631502e+03 3.780754020716381547e+03 1.025677369686401653e+04 7.282401225952556160e+03 2.812099668607809235e+03 1.002397979532508998e+03 4.250596798226997635e+03 4.518135766558943033e+03 9.735137736665616330e+02 4.695378334923122566e+03 4.841045391122176625e+03 -9.523997658695450355e+02 6.303615754040195498e+03 3.146948186093024447e+01 3.223528823854114762e+03 2.249739005312322661e+03 2.360059332268252547e+03 5.770662250968265653e+03 1.661604586574495897e+03 -1.031018028338541510e+06 2.684936963846927043e+06 1.933626491906717187e+06 2.200263539685711294e+04 2.259289305180195370e+05 3.768803076226179954e+06 5.329744232864312828e+06 1.867069963362179464e+06 7.086908711064605741e+05 1.733663308440384571e+05 1.276239668887651496e+05 -2.413394835174900654e+05 1.764100520295175374e+05 8.418374403322403668e+04 -9.949318668871915725e+04 -6.436487069637615787e+04 -6.874259582988281909e+04 -8.104941332033216895e+04 1.192917453697910096e+05 -8.818093914153210790e+03 5.293368628470589465e+04 1.157073591484391654e+05 8.947534038401098223e+04 -3.025246476991512168e+02 9.178799654390490105e+03 4.486497242845434084e+04 4.204780267598597129e+04 3.274578125825554162e+04 9.007781884907390122e+03 7.131023150820585215e+03 3.748375034854954720e+04 1.455275035930944250e+04 -1.255410883976142395e+04 9.483570391883087723e+03 1.032218900248515638e+03 1.069730920368810985e+04 -1.946103451709615911e+04 -6.029434649689594153e+03 6.768614715492687537e+03 1.002357784542524314e+04 8.767153102886522902e+03 -3.663493925332760682e+03 -1.774156194455289733e+04 -1.727253901894544833e+04 5.821973145070744977e+03 1.693526451951229319e+04 1.540102824747685918e+04 6.197166703689928909e+03 8.844255609749456198e+03 -3.152029240597525586e+03 6.345107214151772496e+03 -8.402016790365147244e+03 -1.975562937680129608e+03 -1.148219878684301329e+04 -1.276003850609474648e+04 -9.002123523878350397e+02 2.386386975824060301e+03 4.089999402158653538e+03 3.593115146913748958e+03 -4.475248019101150021e+03
-1.121968606378165539e+06 8.646706524048072752e+05 -5.740600427284290345e+04 -1.218118229801883717e+05 3.797547710614067037e+05 6.867324389690030366e+05 1.800085200675546192e+06 5.457996059195610695e+06 1.186649736073022010e+06 4.324297058144039474e+05 1.695180150972742122e+05 1.874083690315088897e+05 1.608903796785706945e+05 1.155167563434979820e+05 7.177276242217606341e+04 4.098661530637434043e+04 4.092599322384351399e+04 6.197289549981701566e+04 4.532674156375617895e+04 1.926016318420924290e+04 3.420217422526288283e+04 6.229698259845472057e+04 4.412866459946604300e+04 2.341122831762965870e+04 1.181320718711058362e+04 1.827003761867453477e+03 2.848895841130962799e+04 2.816151006074751422e+04 2.026093976603100236e+04 1.928929454941394215e+04 2.200168180081304308e+04 1.775436633887557400e+04 2.702445193844893220e+04 1.315059188968130547e+04 1.473224417149939109e+04 1.834719089313163568e+04 1.204935567790145069e+04 1.654927509283804102e+04 1.873962792060579159e+04 1.023543835716193462e+04 1.367213201731152549e+04 6.685836320815999898e+03 5.489058718229557599e+03 1.427799780607289358e+04 1.294234112304525479e+04 7.500535712567691007e+03 4.677955805178426090e+03 4.233448472963597851e+03 2.201659298167748602e+03 6.871237790469065658e+03 4.246715489865256131e+03 6.250747890521084628e+03 7.586594854847243141e+02 4.397897263543553890e+03 4.088820729120207943e+03 7.891877605679186672e+03 6.976383852292654410e+03 3.311440869198786004e+03 2.928060662031213724e+03 4.241881037152199497e+03 6.196428295042207465e+05 1.158312720562426257e+05 1.550714050277639413e+06 3.011683514237103518e+05 -9.002069433070910163e+05 -1.278485894307743147e+05 1.679754310720331268e+06 2.994034772799345199e+06 8.961597102809485514e+05 2.686545281887657475e+05 4.115266107556989882e+05 4.647581794007223216e+05 2.529685007430562982e+05 1.209245288184977835e+05 -7.955102929239066725e+04 2.674723316672600049e+04 3.725432719002546946e+04 1.501090662279236676e+04 1.018114985801686707e+05 4.387382025300941314e+04 7.289006113586630090e+04 5.336293178869086114e+04 5.143179318930759473e+04 5.332696166010134220e+03 5.753326069760479731e+04 3.851008373220039357e+04 3.566260746264387853e+04 2.613559279055313891e+04 5.908498904229573236e+04 -9.075253710884304382e+03 1.411258177234288496e+03 2.126266678737919449e+02 -4.267133106370474707e+03 -1.618713005608034109e+03 1.335254672056017625e+04 -5.220112898495117406e+03 1.627602372093156009e+04 -6.026212355989313437e+03 6.686721409200111339e+03 -1.492749519554794915e+03 3.818582332947353734e+03 2.709611417060731765e+04 1.115688968878250671e+04 1.799175978060883062e+04 1.986656033898408714e+04 6.525026930511897262e+03 8.120778349344651360e+03 1.982257036875099220e+04 -2.138901499760131060e+02 -8.063015406244986480e+03 3.410745294048682354e+03 -5.030146082461797619e+02 -1.572215539538617122e+03 -6.038913897766650734e+03 -2.860318322697678468e+03 5.252527883622516129e+03 -8.991377526085863792e+03 1.480718980181398138e+03 2.509586316540841835e+03 -1.288532080074018268e+03
-1.450124081465539348e+05 7.753864720770738786e+05 5.377509672867553309e+05 5.315369751056781970e+05 1.646177135765513522e+05 4.860518989481458557e+05 5.414452560695208376e+05 1.186649736073022010e+06 3.695285734322762582e+06 7.295723437799051171e+05 1.738951573347051744e+05 9.350544092968817858e+04 6.165027377216597961e+04 7.858887635679337836e+04 1.114173042705043190e+05 3.856854866633526399e+04 3.404305478877731366e+04 3.218638737519502320e+04 2.625398025398575919e+04 3.775245872674835846e+04 4.151804213327773323e+04 5.911710662612148735e+04 3.421727652390895673e+04 2.972113721878869546e+04 3.312515697388558328e+04 2.098498551009406583e+04 1.285354092748862786e+04 1.697287270853051086e+04 1.379529819792447597e+04 2.174079890773737134e+04 1.185320746540824803e+04 1.303294663275047060e+04 1.247385340171288772e+04 1.056249251897153408e+04 1.187158499433247198e+04 1.304472436535512679e+04 1.162307609561072968e+04 7.215828490050779692e+03 1.529067416991215578e+04 1.057954435971169369e+04 9.495882778878223689e+03 1.205299092195690037e+03 9.429068706460020621e+03 4.255878620537861025e+03 4.632792981182294170e+03 -6.429232858006629385e+02 6.740246829283345505e+03 7.650909365931016509e+03 7.207779553525367191e+03 3.555795494905457417e+03 2.348014634113687407e+03 4.297128472147023786e+03 2.356207120905921329e+03 1.374388854518093922e+03 4.923532582317453489e+03 4.294804112328327392e+03 2.756295297769080207e+03 7.229314679510242740e+02 2.078725031782306814e+03 2.531384820941253111e+03 -1.552974542788574938e+06 2.351567801617015211e+05 -9.739648688355389750e+05 -3.190035727884266526e+05 2.093199341502088355e+05 9.145216812723119510e+05 4.571341161180387717e+05 1.100436680885620415e+06 1.806898118855214678e+06 4.707128012018949375e+05 4.171488529902448645e+05 2.420680269147172803e+05 7.812053596580412704e+04 5.793166800223771861e+04 1.151822656260335061e+05 1.124798508776366507e+05 -1.024885980897422269e+04 -8.692244374418727602e+03 3.542276589977831463e+04 5.610726718033196812e+04 8.713626462433404231e+04 4.655095050608195743e+04 1.976894835131903892e+04 1.955945639676925202e+04 6.370884947329854185e+04 2.066054268380625945e+04 -1.949588596125800905e+04 8.069184394155231530e+03 1.667119280441551746e+04 6.142416056507933718e+03 1.583371045143433366e+04 -1.292049093167830688e+04 -5.210124216072992567e+03 -2.969250879671324583e+03 -1.104493600835299549e+04 5.971913608663096511e+02 8.668636508552222949e+03 -1.639573428035068355e+04 -1.869624626560167371e+03 1.828100326600802418e+03 1.228554457357194951e+04 6.637222460218607011e+03 -4.320325378310904512e+02 1.118701778909520908e+04 1.002307376753045355e+04 1.519022733783272997e+03 2.005788903932244648e+04 1.521893165135730669e+04 4.139220320115480718e+03 2.601051749141175151e+03 -4.805968583812354495e+02 1.271368143516351893e+03 1.468810928572895136e+03 6.274930035566188053e+03 -2.331646851169477941e+03 1.287755040531973691e+03 2.227415384690316841e+03 1.494745436619070688e+03 3.695187886256068737e+02 -5.066763393667858963e+02
3.277787001646026620e+05 -2.252350089597303595e+05 1.220486857158957428e+05 3.383934968777630711e+05 6.990455115377956827e+04 1.688818398603903188e+05 2.265932099425696651e+05 4.324297058144039474e+05 7.295723437799051171e+05 2.286679851976170205e+06 5.098287848978919792e+05 1.205658240357851319e+05 7.615353295608774351e+04 3.599510236766181333e+04 2.620861561168073240e+04 9.511768075299283737e+03 2.112249156963473433e+04 3.395051179222408246e+04 3.941571886911823822e+04 4.091009563952001918e+04 2.849849403156327753e+04 2.289858168111341001e+04 2.800138926545498180e+04 2.028820828334085309e+04 1.151401789077994181e+04 5.631650781275304325e+03 1.553601187009198475e+04 2.337919720474810310e+04 1.343422721796196674e+04 2.237634809681960905e+04 8.813284170667322542e+03 1.351608124760275314e+04 1.337353951575801329e+04 8.445775482251878202e+03 6.919983532208349061e+03 6.742179857741092746e+03 7.998637331353048467e+03 2.681478476589706588e+03 1.023579371790395817e+04 5.883825716554468272e+03 2.385793791209282972e+03 7.438242128294501526e+03 3.479614783862821241e+03 6.070200199805237389e+03 3.564848743176228254e+03 1.805925644481344307e+03 6.055074544226068610e+03 4.179402566316155571e+03 8.698649970128155928e+02 3.105478876565856353e+03 3.417826591389726218e+03 3.081629372743186195e+03 1.984728697654061307e+03 3.110010366729127327e+02 4.901392365290373164e+03 4.160318701352121025e+03 2.420593432284633764e+03 7.519510339986468352e+02 3.041117539126460088e+03 3.459742964176266014e+03 -8.621410802657685708e+05 1.417695509546843357e+06 5.412202747610661027e+04 -5.170526468861248577e+05 4.158714233571750228e+05 7.589732247078107903e+05 3.626243934049634263e+05 3.352887277205974679e+05 6.344974807408656925e+05 1.044448240659034811e+06 5.009195939947023871e+05 1.030748635930112796e+05 1.031706478830241540e+05 6.416732757034093811e+04 -1.111656527159779398e+04 -1.678342194836425551e+04 -8.448385013578338840e+04 1.702864462597157399e+04 3.902848738011020032e+04 4.526381629339307983e+04 6.482743992384015291e+04 2.777250313853870466e+04 1.461612212061648097e+04 4.460347545194534905e+04 5.152269060429129604e+04 3.885908613853983843e+04 6.408178675128722716e+03 2.247902077994605133e+04 1.077945677196323231e+04 1.784634676368015062e+04 2.033048476191496957e+04 1.657481078104703192e+04 2.910157162158802748e+04 2.797026610233852625e+04 1.397780363035836854e+04 1.237169970161946731e+04 2.549425412130933546e+04 8.659771089932324685e+03 6.206023066256980201e+03 7.879511367861409781e+02 7.421180269253065489e+03 4.297406162557729658e+03 1.586219815508023203e+03 2.715683748541724981e+03 1.132013963372406579e+04 1.295882864865241800e+03 8.798104039011737768e+03 1.463974389313380379e+04 3.059957415140608646e+03 6.378402215069265367e+03 4.423186373397034913e+03 4.995116459916303029e+03 -1.090365018979023034e+03 1.856964456121020248e+03 1.803451845671406090e+03 5.546150397694214007e+03 2.403554350225514099e+03 5.003128702920619617e+03 7.291816251840458790e+03 1.341559834928818191e+03
-2.435768398505708319e+05 -2.211695688948879251e+05 -3.659825601832550456e+04 4.589279043196538987e+04 1.951695853264280595e+05 2.856848401266472065e+05 1.157591935942942364e+05 1.695180150972742122e+05 1.738951573347051744e+05 5.098287848978919792e+05 1.639050543769602198e+06 3.590022114557947498e+05 7.890288893792081217e+04 3.452857746345994383e+04 5.639272349024909636e+04 2.789920809132587965e+04 3.375145478053753322e+04 3.840029476130873809e+04 3.628510581065833685e+04 3.971973270789958042e+04 2.263815907277552833e+04 1.746438374507792469e+04 1.881292986796596233e+04 2.313487476296409659e+04 1.038966114580197245e+04 3.521135866060983517e+03 1.441302841317123421e+04 9.315867337807252625e+03 1.404645919140740625e+04 1.704658836754009462e+04 1.375550750762825010e+04 9.201591688935273851e+03 1.538704082016493521e+04 1.076442644894010482e+04 3.181893540303716691e+03 7.350523007932097244e+03 1.148567373623155072e+04 7.697690845047302901e+03 1.124577913431539309e+04 6.006634230426398972e+03 3.625325611847899381e+03 2.491957861445667277e+03 2.333755979076453059e+03 8.287009410424265297e+03 5.367697378370649858e+03 3.885788388792933347e+03 1.327886537233212493e+03 3.982869343634865345e+03 2.002334059595852068e+03 1.713880319265890876e+03 1.670559177384758868e+03 1.975330928796365015e+03 3.799452287298084229e+03 1.108682226253808722e+03 2.040986638759992047e+03 3.486575287438708074e+03 1.303727044457551756e+03 9.364713038877353029e+02 1.472832900616925372e+03 2.783417189234299713e+03 -7.912083335989635671e+05 -8.317924788142628968e+05 1.539880605653739258e+04 4.622439748456953675e+05 1.326789739062942681e+05 -7.956923528532982164e+04 -1.084432386747525197e+04 -4.548844035029695078e+04 -2.468012018629045269e+04 1.571893713234998868e+05 8.458365888795200735e+05 3.658799377050930634e+05 1.242117230481150618e+05 6.046022090305253369e+04 5.618522281855701294e+03 2.137460488785728012e+04 1.108180181964901203e+04 3.850259975499416032e+04 4.421249287558374635e+04 4.701600164114129257e+03 5.633501501207558249e+03 1.637063888764396688e+04 4.361112690324707364e+04 3.713467029870350962e+04 4.772408559412722389e+04 3.607143329038254888e+04 2.415039597443313687e+04 3.353917056044062338e+04 1.602049645520395825e+04 2.399725835322304920e+04 1.958480612080961146e+04 2.402470639071068945e+04 2.162183551815437386e+04 2.788452725572355848e+04 1.968021128940443305e+04 8.596259385228897372e+03 1.751480938324281669e+04 5.555824158770121358e+03 1.033840050482506740e+04 1.070175434497390779e+04 4.658271323764185581e+03 -4.022003409453373024e+01 5.723653791966407880e+02 7.458489859210843861e+03 6.949142182704425068e+03 1.778326861107536160e+03 2.757884085086720916e+03 5.914036813412975789e+03 2.777702863760384389e+03 1.728259489829463291e+02 1.274740419761478051e+03 1.376582016565004324e+03 1.461883704991344985e+03 -2.262564143789986701e+03 1.137515845591643256e+03 6.489072886175385975e+03 5.139106739175814482e+02 2.632876917009303270e+03 3.215868180178197690e+03 -3.506395141985161899e+03
7.806220021727612766e+04 -5.169749828579864698e+05 2.550545769824947056e+05 3.948299466068792390e+05 4.220654336641721311e+05 1.374506991124103079e+05 1.127169724453708623e+05 1.874083690315088897e+05 9.350544092968817858e+04 1.205658240357851319e+05 3.590022114557947498e+05 1.280505760430963710e+06 2.914163607880189666e+05 4.236706323463366425e+04 3.518383487007264193e+04 2.548819077577570351e+04 3.421198227755093103e+04 3.502836742106109887e+04 2.748785541026958890e+04 2.481101212856308848e+04 9.868546602361268015e+03 1.511437928572728561e+04 1.409543701836338914e+04 1.365569594995911575e+04 1.708249084934552957e+04 5.198067541575707764e+03 8.516489063287863246e+03 8.015252685590013243e+03 1.856884298319452137e+04 1.235851066784595241e+04 9.540615647500309933e+03 9.593172850813421974e+03 1.370072394313514087e+04 8.903932310258936923e+03 6.163563627356860707e+03 7.078743146928592068e+03 5.298242921235755603e+03 6.023514225148092919e+03 3.891826177748521786e+03 6.773516427127463430e+03 5.244364657166072902e+03 1.639740848682391288e+03 3.499571114989319085e+03 2.329870703572875300e+03 6.333389715245185471e+03 5.554418165268775738e+03 4.157516624053509986e+03 3.263483383302036600e+03 3.799049971893708971e+03 4.915066310278351921e+03 4.968443005358802225e+02 2.815534085119317751e+03 1.041502723040093997e+03 3.003875349660476331e+03 3.527834241451293565e+03 4.977912635514060639e+03 4.019258972113455911e+03 1.856739242115879961e+03 1.788550862917992163e+03 2.002600415081190704e+03 -2.166332651214635000e+06 7.761249459255911643e+05 6.768190367085422622e+04 5.393292551855948986e+05 3.957238828351838747e+05 -1.066079859060496965e+05 1.047366327514497607e+04 9.432091315959651547e+04 7.899845767903801971e+03 1.138469064932370093e+05 3.104079509567709756e+05 6.540397347495569848e+05 2.880231778178875684e+05 1.100906273137745593e+05 7.792228627295138722e+03 7.194941583496479143e+04 3.598453599610052333e+04 4.488896745933354396e+03 -7.755803250091756809e+02 5.758555617632619033e+03 3.579338467826092710e+03 -8.736939246336321958e+03 2.598767346765490947e+04 1.904520542929465955e+04 1.340622364624711008e+04 3.036239353858018148e+04 7.417243316284813773e+03 1.320441088797533121e+04 1.601131212210413105e+04 1.958338537486838322e+04 1.168896207963265624e+04 8.685961721219329775e+03 1.572810596401864677e+04 2.570078218222771466e+04 1.025603446422045272e+04 7.346184487758921023e+03 2.288525521727329760e+03 -7.097344828692226656e+03 5.600445096039895361e+03 -3.680763049823878191e+03 6.464248341963093480e+03 6.288978529214362425e+03 -4.705750685512885667e+01 3.079408907954056758e+03 2.300984957992479849e+03 -3.674473441245841968e+03 2.768711616464292092e+03 2.702364078845820586e+03 2.360405392100648896e+03 4.918893806482872606e+03 2.765665982716188410e+03 2.195446836838323179e+03 -5.522418452318103164e+02 -1.770568597565224536e+03 7.775761140878593096e+02 -6.773480103204521185e+01 -1.610799998535318991e+03 -8.535472901695297310e+01 -3.003202566701916680e+02 2.480825351683649387e+03
6.347079926029148046e+05 1.452034365196621220e+05 4.467236230529746390e+05 3.569612932970197871e+05 1.898248773118899844e+05 5.802718589178947877e+04 6.228822633959662926e+04 1.608903796785706945e+05 6.165027377216597961e+04 7.615353295608774351e+04 7.890288893792081217e+04 2.914163607880189666e+05 9.087233295052667381e+05 2.001076103089089156e+05 3.719986485931114294e+04 3.928957211258925963e+04 4.051780740381300711e+04 2.295939463840413737e+04 3.216221005944010176e+04 2.158239860782644610e+04 1.970292373163739830e+04 2.088931286668185203e+04 2.200484845636615501e+04 1.199050772898511241e+04 1.484669417794063884e+04 1.271900681936295041e+04 1.222251700700721813e+04 1.198147467351788691e+04 9.584858842894809641e+03 9.556402941979491516e+03 5.340153247115759768e+03 5.339783509626500745e+03 4.544992160886979036e+03 5.761680063586207325e+03 8.967011094250517999e+03 4.063125519723638263e+03 3.934122572016694903e+03 8.714801105115755490e+03 6.763357508593555394e+03 4.022459391800673075e+03 3.924361222390716648e+03 5.166717632201293782e+03 5.536253099813277913e+03 7.428192204030374342e+03 4.012302018412168763e+03 5.604928376814276817e+03 3.704249674023570151e+03 2.506308246099799362e+03 3.117112015569884989e+03 1.882731526219481566e+03 9.112085257856881526e+02 2.668656481804079249e+03 1.220954191957115654e+03 1.123071379867542191e+03 1.229255220349219371e+03 2.564243584784650011e+03 2.266625681464509398e+03 3.653684899965155353e+01 1.848671668048878928e+03 2.163297067526567389e+03 -6.140642322649423731e+05 5.155372106663184823e+05 9.081057702616254392e+04 -4.140733476302439522e+04 9.650283322710661741e+04 7.099387051557513769e+04 -4.250448144060355844e+04 8.302821635159707512e+04 3.993429807720530516e+04 1.106139105083882459e+05 3.277424167680198298e+04 1.653237300862910633e+05 4.320767996590215480e+05 1.815774734554302413e+05 1.694559637466733693e+04 3.550718229892075033e+04 4.806322625716531911e+04 5.770332900096170488e+04 2.713970205560374598e+04 6.387433365936749396e+02 2.299769427807822649e+04 7.234249424721524520e+03 1.553496321232753144e+04 1.445410875551375284e+04 2.505718377049483388e+04 3.642294837597370588e+03 5.649739161093622897e+03 5.220824970675531404e+03 1.271826355001251613e+04 1.419315985446500781e+04 1.470880740329987384e+04 7.214189144060289436e+03 2.869654941990577299e+03 1.886629677825170074e+04 1.342638468341631551e+03 2.695317362801336003e+03 5.415376257545770386e+03 5.083004617872192284e+03 6.504725064401365671e+03 3.364509557024953665e+03 4.551113162408845710e+03 4.433886928147564504e+03 3.843046604584224497e+03 -3.702743510502716617e+03 3.913735506682405685e+03 6.202156310984632910e+02 -3.855295498414012059e+02 2.140773315579794598e+03 8.248222726940118719e+02 2.743637577123254232e+03 -5.461648461160227725e+02 1.584660609031467402e+03 -9.117481256124377751e+02 -1.392642066029391344e+03 -1.559341014838158344e+03 -1.260032844768527184e+03 1.361172730648959259e+03 2.569602889014473476e+03 1.440889363535666917e+03 8.198972650784057805e+02
