5.587915216968582012e+06 1.213588166169947712e+06 4.395842446739892475e+05 1.717500927124679729e+05 1.947829155144340766e+05 1.656389620899294678e+05 1.209511719522662752e+05 7.491777883963198110e+04 4.653110210727591766e+04 4.564990432630068244e+04 6.608807406925538089e+04 4.960407172947454819e+04 2.119123413680836893e+04 3.664992640833005134e+04 6.559288907469388505e+04 4.647088753444444592e+04 2.443596863634284091e+04 1.353852646048327551e+04 3.287695290631056650e+03 2.967489882505271817e+04 3.062403715019316587e+04 2.200082863122478375e+04 2.033826455681899824e+04 2.390282608048365728e+04 1.923799753443876034e+04 2.870138816309877438e+04 1.461607146333620403e+04 1.577329669433167510e+04 1.985940112427482745e+04 1.318108084823635545e+04 1.804805830911846351e+04 1.985006185099568393e+04 1.138205582979279279e+04 3.107384558203984983e+06 9.242013943837720435e+05 2.746697122868256411e+05 4.265651915853554965e+05 4.736935558962256182e+05 2.599420476987931761e+05 1.265935148948327114e+05 -8.038106698347620841e+04 3.355836546252900007e+04 4.199501113781400636e+04 1.160577735921461863e+04 1.040596748057637742e+05 4.869763092040571064e+04 7.613291646272744401e+04 5.641156412903603632e+04 5.760781237019497348e+04 7.801329751597242648e+03 5.977834132905623119e+04 4.047893967469159543e+04 3.742430322813304520e+04 2.595589946173324643e+04 6.103397598796828970e+04 -9.485241561540125986e+03 2.823400784969267079e+03 1.660245886117644659e+03 -2.101345460672277113e+03 4.624031580552134528e+02 1.366773242700446281e+04 -3.828266445123577341e+03 1.667720087357832017e+04 -6.472855451539612659e+03 6.917848536743377736e+03 -7.096108533940716825e+02 3.334371823448569630e+05 1.750021779683302157e+05 -7.792202236302371603e+04 -1.306167339559413085e+04 2.937700290312406287e+04 -1.996910341323050088e+05 -1.390734859105742362e+05 -9.581146113147679716e+04 -7.459027487762225792e+04 1.724215864666658672e+04 8.109596879827939119e+03 -6.827298076548813697e+03 1.657305505591263864e+04 4.060437607508705696e+04 5.733898598087525170e+04 -1.235900265510502868e+04 -3.797355947860055312e+04 -8.807325130335604626e+03 -5.663679470108731948e+03 -2.485824354039443278e+04 3.581677759220825010e+03 1.169459958813007870e+04 7.476851924193522791e+03 1.721071168205338154e+03 -1.072303497790187521e+03 6.553656150376302321e+03 -5.596835759077654075e+03 -8.192934922250957243e+03 -1.166730026631581495e+04 -7.465588253772119742e+01 1.124869454960193434e+04 1.283588212899593782e+04 1.080206575837924720e+04 6.268529248042255640e+05 -1.839806379864340706e+05 -1.313822064352541929e+05 2.798694360221095849e+05 1.556422113472647907e+05 1.030395906804738916e+05 -2.033676586165200279e+05 -3.636269938304083771e+05 -1.406469221532157098e+05 -3.768831352641844569e+04 -1.836027030913625786e+05 -1.329256259592009883e+05 4.647178520702245441e+04 1.053142627132908237e+05 6.416121669941720029e+04 -5.483161322493659827e+04 -7.945837035006831866e+04 -2.124467306528610789e+04 2.570826039934756409e+04 -5.928046696717183659e+04 -5.427354240153920546e+04 -6.461787746480307396e+04 -4.681897006540530128e+04 3.896507644521231850e+04 1.082111703402442072e+04 6.398210865392535197e+03 3.405668768652676954e+04 1.914882298097213788e+04 1.196960398504861041e+04 -1.624382441009156537e+04 1.326961963898464091e+04 4.121511774776950915e+03 -7.439992032511378966e+03
1.213588166169947712e+06 3.775480829407075420e+06 7.456340540080280043e+05 1.773897768326218647e+05 9.995166819356940687e+04 6.506543866030371282e+04 8.193410673314554151e+04 1.143091554886607046e+05 4.112016249745255482e+04 3.560889409579948551e+04 3.508061923000412935e+04 2.856138846112924875e+04 4.079484254628055351e+04 4.297011440105520160e+04 6.139671538956830045e+04 3.573301950596295501e+04 3.004675202206163885e+04 3.472000301188191224e+04 2.191722370380528082e+04 1.298332912342900818e+04 1.788358997038111920e+04 1.435096832997844285e+04 2.244181697771821200e+04 1.304134661768750448e+04 1.419603249411797151e+04 1.305887355481510167e+04 1.153902458037891847e+04 1.238798278680023941e+04 1.378410276065102698e+04 1.247663255106299403e+04 7.789806394268866825e+03 1.572811916677011504e+04 1.112138153765465540e+04 1.142116775190952700e+06 1.873597405822136207e+06 4.779450726957151783e+05 4.108624014119736967e+05 2.364394190104826121e+05 8.237742145295951923e+04 6.514249846934415837e+04 1.268002161192851490e+05 1.213729840488606278e+05 -3.135603352420877854e+03 -6.008590767895698264e+03 3.848534718356560188e+04 5.924518134781613480e+04 9.065319072813011007e+04 4.996195059894649603e+04 2.312263833307843743e+04 2.031359591628731869e+04 6.542072698412214959e+04 2.298661450426120064e+04 -2.137429905623915693e+04 8.298331808863027618e+03 1.727689646963854830e+04 6.387073414739239524e+03 1.633309849353072241e+04 -1.262986659744299504e+04 -4.532009779413499928e+03 -2.117936352604886451e+03 -1.078752006243989308e+04 1.814355888987460958e+03 9.827072050490483889e+03 -1.623946404627071206e+04 -1.410201627397724678e+03 1.962988596030443432e+03 2.795283468107915251e+05 1.358345999616949666e+04 2.686095566682464414e+04 -2.436284522867888154e+04 4.262572011563932756e+04 -1.276337362131984810e+04 -6.361172294836724905e+04 -1.772851181112747872e+04 1.856261347198020667e+04 -3.126345790345338628e+03 4.884615099514468056e+03 6.926588584691054393e+02 1.266606074405277104e+04 5.233555279882732066e+03 5.035788344080851675e+04 2.290929496855155230e+04 1.909677897388176643e+04 -2.843040510436857949e+04 2.333793569190415838e+03 -1.729208689335715690e+03 1.597512941557006161e+04 8.097093613879749682e+03 -5.050962594503512264e+03 9.968775413425804800e+03 5.791090870454668504e+01 6.641904539011936777e+02 -1.091481867736860067e+03 -6.020950227122356409e+03 3.412510334372230318e+03 8.227506431543755753e+03 9.681932134215820042e+03 -4.103663497402368193e+03 -1.692846627418505250e+03 -1.237782437734397099e+05 -2.939658971881209873e+05 3.568477933544044499e+05 -1.735011149944435165e+05 1.559292010232461616e+05 9.240171151791012380e+04 1.566100359817519202e+05 -2.013922604228521523e+05 -1.326227603722047388e+04 -1.244780963020975614e+05 -7.205157311923665111e+04 -6.095544871704949037e+04 -2.437356927710531090e+04 1.222371312235086407e+04 7.658087180652676034e+04 7.431203897404979216e+04 6.466654254164900340e+04 4.620987022617416369e+04 2.182801476136120982e+04 8.008977396466518258e+03 -1.787982203671315074e+04 -5.124898515732850501e+04 1.156737995472427247e+04 5.784677928136405535e+04 4.757145471794626792e+04 3.627443581398776587e+04 3.832297082051083271e+04 -2.964833783197962020e+03 -1.447952574611340060e+04 1.875300410513157112e+04 4.638540017423673817e+03 -2.847477873584901772e+03 -1.695068161230773512e+03
4.395842446739892475e+05 7.456340540080280043e+05 2.340063230231399182e+06 5.234494915730528301e+05 1.227128105262464524e+05 8.109050963804699131e+04 3.764697275951667689e+04 2.764234955520846052e+04 1.077693053771529776e+04 2.254754420226248112e+04 3.624389291835229233e+04 3.965566115834529046e+04 4.250027822043315246e+04 2.890105806690239842e+04 2.298407078416010700e+04 2.790443245865710560e+04 2.040689975974752815e+04 1.220435166045202095e+04 5.730326334288754879e+03 1.583642291740776818e+04 2.423739526436364758e+04 1.366342981366217282e+04 2.258650204172359736e+04 9.253303683500244006e+03 1.411272156903488758e+04 1.366895971079913397e+04 8.889373511401037831e+03 6.924054021544497118e+03 6.781103352493728380e+03 7.700241542326636591e+03 2.794470074678640685e+03 1.035091265239051609e+04 5.896849187509553303e+03 3.557590653409123188e+05 6.611719367694901302e+05 1.077498642369960202e+06 5.094616620657431777e+05 1.017693312942234043e+05 1.074234487969762267e+05 7.207139676957803022e+04 -2.249753284000792064e+03 -1.491602682664810345e+04 -8.306404512603336480e+04 1.831484624100815927e+04 4.204111824446781975e+04 4.676829532258908148e+04 6.854340260485994804e+04 3.076969198534153838e+04 1.854199226721086598e+04 4.495106641410736484e+04 5.301377728503218532e+04 4.164780140080753335e+04 6.309687477500404384e+03 2.411139025450832196e+04 1.190583232468339338e+04 1.864218272107906159e+04 2.089817633708915673e+04 1.755578048580048198e+04 3.021062441875208970e+04 2.821027292970467897e+04 1.384983911343964064e+04 1.273127881583854469e+04 2.722880607411094388e+04 9.036089000794219828e+03 6.611156792598636457e+03 1.496925009824806466e+03 -1.190341429622427677e+05 -3.284899102312435571e+04 2.490589141050557737e+04 -3.932817511827518319e+04 1.420613960577798571e+04 -1.179970962107267405e+04 -6.960684164583512029e+03 1.852600220502754382e+04 2.788987929468084076e+03 3.204062374060173170e+04 -5.023618553841184621e+04 -2.136630514559228686e+04 1.020107931070997256e+04 1.430676422031484435e+03 2.939271525669238326e+04 -5.809311210307775582e+03 5.810662966278779095e+03 -7.308299977291314917e+02 3.527750240672340169e+03 -1.381443319072115264e+04 -9.261921546928439057e+03 -1.357405849054162172e+04 -7.804707539740937136e+03 1.760905122144278494e+03 -5.789424925933902159e+03 -3.528451863874835226e+02 -7.352819167084269793e+03 -1.100826043362799282e+03 -3.091812773840131285e+03 -6.452157214692775824e+02 1.399440777806532878e+03 -2.348633784270786236e+03 -4.895467547086698232e+02 -3.294498072219979949e+05 -1.376903642845468421e+05 -1.195350716836034990e+05 2.876480453869308622e+04 1.832451193387636740e+05 1.903872846524658598e+04 6.390491303805045754e+04 -1.736790836008265978e+04 -7.510345204326251405e+04 1.702427566448725997e+02 -8.944869027915374318e+04 -9.785243557816710381e+04 2.255150735999628887e+04 -3.655908612103226915e+04 1.173906284518036045e+04 -1.130669949152528898e+04 1.270744443159872753e+04 9.069401723532177130e+03 1.152935023825676944e+04 -3.190402842625163248e+04 -4.754777224236047914e+04 -4.169099344749276497e+04 -8.286670256241484822e+03 3.974225753903592704e+04 -2.096850989749280052e+04 1.594152261762738090e+04 -4.799085197533606788e+02 -9.467408211162767202e+02 -5.439343778216796636e+03 2.707079837162914828e+03 1.328422622304551987e+04 1.657611275251445477e+04 5.415824509935472634e+03
1.717500927124679729e+05 1.773897768326218647e+05 5.234494915730528301e+05 1.678142027962405235e+06 3.666307168871270260e+05 8.431388827429914090e+04 3.742035361070036015e+04 5.827747827159891312e+04 2.820401551918587938e+04 3.502157655360738136e+04 3.998515739631359611e+04 3.698434339630974864e+04 4.133207303270601551e+04 2.279525040192675806e+04 1.748554898788147329e+04 1.887322058117155393e+04 2.411886957939594140e+04 1.104197361545667991e+04 3.941096426926249933e+03 1.501732448100979673e+04 9.569603907800474190e+03 1.407583075384613585e+04 1.752656725085447397e+04 1.453056046894846622e+04 9.609358767486970464e+03 1.577367956588005836e+04 1.140736413139798606e+04 3.215736054475668425e+03 7.597131523405057123e+03 1.176982300586556630e+04 8.186241131780106116e+03 1.168176805722409881e+04 5.927220208165716940e+03 -3.575072372924633237e+04 -1.752233777605711293e+04 1.683243805221980438e+05 8.708169590680917026e+05 3.751081620973388781e+05 1.315631818385204533e+05 6.264675935564674728e+04 1.139683649685672935e+04 2.337464571184005763e+04 1.207978441219381784e+04 4.114355153814268124e+04 4.713255742895376170e+04 3.516692884061456425e+03 5.654766121086137900e+03 1.740684821843850659e+04 4.612704194747362635e+04 3.788278278280195809e+04 4.947071247591940482e+04 3.762752397821121849e+04 2.488706954281274739e+04 3.476716407817605796e+04 1.723726825678541354e+04 2.499504049868284346e+04 2.029251673325532101e+04 2.479265310008647066e+04 2.235957269904940404e+04 2.823063265726235841e+04 1.984429126298585106e+04 8.956331861247528650e+03 1.903796994051081492e+04 5.878264647639660325e+03 1.013925282173394407e+04 1.103744036808621786e+04 4.684327691056075855e+04 1.361816774119705406e+04 -2.774316257155116182e+04 -8.787048171999037731e+04 -2.074054235914503806e+04 6.314516065574106506e+03 1.825142341969096742e+04 2.117267608990892995e+02 8.233927672341636935e+03 1.179885285452507014e+04 -5.040269765677468058e+03 1.171296755699558344e+04 -8.921265281423702618e+03 -1.699016333420519686e+03 9.824193502195428664e+03 4.258832073155820581e+03 2.571449462954077171e+04 7.351249648809594873e+03 9.064306858779582399e+03 1.054545989714364259e+04 1.458813549134399909e+04 5.297871846066176658e+03 6.322268281541462784e+03 4.415897987924879999e+03 1.886111882742862917e+03 1.714243395266884363e+03 1.008386777920194800e+04 7.752289909726402584e+03 1.169506187955134010e+03 -5.585272846962580843e+03 4.551430448870023611e+03 3.788405900760839359e+03 8.245085602966522856e+03 -2.269780527821122087e+04 3.737044579646642087e+05 2.814245085773051323e+04 -3.777213141142328095e+04 -2.608377835295811019e+04 1.682582994574255281e+04 3.081192100198489425e+04 -3.011286199182127893e+04 8.597903802720356907e+04 5.150332788836214604e+04 -1.156577868690866744e+05 -1.120595710925053572e+05 -1.557520531517153540e+04 -1.787401833812832410e+04 1.237076692303003983e+04 1.028403736210679199e+04 3.192606062295089214e+04 4.352633416525519715e+04 2.590058840565102582e+04 -2.430287574665744614e+03 2.388382930897223559e+03 -2.262259384105826484e+03 1.056526566506886411e+04 -3.697971957282827589e+03 -1.225337561052247838e+04 2.256856580037203094e+04 2.120498131974176067e+04 1.474697457968980416e+03 8.097217259960570118e+03 9.337419168282687679e+03 5.612896377714540904e+03 2.490486229639350768e+03 1.352088920010829133e+04
1.947829155144340766e+05 9.995166819356940687e+04 1.227128105262464524e+05 3.666307168871270260e+05 1.308019859020813601e+06 2.990233781744959415e+05 4.429497763881307765e+04 3.627095465346104902e+04 2.538999159652465823e+04 3.531649008224689896e+04 3.575445298093438032e+04 2.760814740133232772e+04 2.537231574284583985e+04 1.019969327804884779e+04 1.499560555606813432e+04 1.463014835333050723e+04 1.372117665820025468e+04 1.719411626789013826e+04 5.470406770798354955e+03 8.816439022220984043e+03 7.987914844651653766e+03 1.886684851844831428e+04 1.262085350858299353e+04 9.845906730550808788e+03 9.587985909741684736e+03 1.388926717840369565e+04 9.067335749638868947e+03 6.632839649569107678e+03 7.499273662373664592e+03 5.740607769914329765e+03 6.332812185379908442e+03 4.315587780519622356e+03 6.879206260292319712e+03 1.063746505942832155e+05 1.554679489121140068e+04 1.157804530133360386e+05 3.227776125199077069e+05 6.740143076675825287e+05 2.966475154626119765e+05 1.102465841562655987e+05 9.033261827481452201e+03 7.562542419652802346e+04 3.769740328064841742e+04 6.318950617466097356e+03 -1.859298641199014526e+02 3.596638471010371632e+03 2.487486541625343762e+03 -9.793236235804768512e+03 2.594480657255760889e+04 1.971973220929114177e+04 1.345172229374733797e+04 3.091589782448018013e+04 7.756862159122463709e+03 1.295227297343818282e+04 1.640415184566925018e+04 1.973875684388692753e+04 1.254218388684514866e+04 9.168964430745620120e+03 1.580548390999450203e+04 2.662921122445670335e+04 1.052493983362274594e+04 8.301357707069882963e+03 3.093701519044151155e+03 -6.385226835712511274e+03 6.178541140305700537e+03 -3.273117053661320824e+03 1.312561436003048730e+05 1.205864519822359434e+05 -1.064989327349759114e+05 -5.144119214546054718e+04 -4.787321011428212660e+04 -7.268131083163814037e+04 -2.925688999817710737e+03 -1.819575763253487457e+04 2.445557707371401193e+04 -3.040334670889845802e+04 -1.435210937016719799e+04 -1.004363033027084930e+04 -3.733809783279457042e+04 -3.997208058954493026e+02 1.339001536219638911e+04 4.040342517708847481e+03 -3.676066276777971780e+03 -7.477643707397641265e+03 -1.100582286978658522e+04 1.511444909078068849e+04 2.315826558149098673e+03 5.802220224611777667e+03 1.070999329609402776e+04 -2.493316907444112530e+03 -4.304038900438332348e+03 -7.185950902737790784e+03 2.327203116574476098e+03 2.466289214261264533e+03 9.856971922894983436e+03 -1.437295099168560228e+03 8.959896004294569138e+02 2.097682047499082216e+02 2.440459978092461370e+03 2.789578021078944439e+05 -5.971750822033447912e+04 -2.251145307418774464e+05 -1.175429289816383243e+05 -1.452165732618877082e+05 -3.105619260028096323e+04 -4.265130652195202856e+04 -4.264942202069053019e+04 5.951947321657364955e+04 -6.808873202070224215e+04 -9.397099670837522717e+04 -9.443215626025391975e+04 -3.747566456175198255e+04 2.572084996675084403e+04 1.831250881342983848e+04 -1.535621593308233059e+03 -2.312985841393610463e+04 2.003985479350688547e+04 2.429857454403758311e+04 1.588080165300352564e+04 1.484354261914301424e+04 2.298568667573668426e+04 2.061643825629424828e+04 1.138763850217960498e+04 -3.123778965824088573e+03 -2.278595341264375747e+03 -1.034826771961062832e+03 3.353694593856941992e+02 1.461567728349423305e+04 2.654558657706196391e+04 1.208805818174664410e+03 -1.459672171565519238e+04 1.501977109018448800e+03
1.656389620899294678e+05 6.506543866030371282e+04 8.109050963804699131e+04 8.431388827429914090e+04 2.990233781744959415e+05 9.308725788551437436e+05 2.063324747760465543e+05 3.885388878914120869e+04 4.089846574368543224e+04 4.237355846946367819e+04 2.446302248609340677e+04 3.325473832546009362e+04 2.319744868744182531e+04 2.050704676502809161e+04 2.094685472152226430e+04 2.264704950196983555e+04 1.258745419294051499e+04 1.584458230594218912e+04 1.364644671271507104e+04 1.281688022020841345e+04 1.258356371505222705e+04 9.873912337375882998e+03 1.014744490743670212e+04 6.071169777219716707e+03 5.851916339849252836e+03 4.842896054896702481e+03 6.371338274262591767e+03 9.567049762811248002e+03 4.260653225139879396e+03 4.284661249921526178e+03 8.939734393152521079e+03 6.983019683446090312e+03 4.160795403415715555e+03 9.946880000441562152e+04 5.479612107136723353e+04 1.128999296308855264e+05 2.655467541437758337e+04 1.651305667925286689e+05 4.448965630309708649e+05 1.873379502970413014e+05 2.262547140142284843e+04 3.548998001284178463e+04 5.068375947233640909e+04 5.959719222076891310e+04 3.029801927522885671e+04 8.580709231387827458e+02 2.426109302257592208e+04 9.442545261786248375e+03 1.759534769333410804e+04 1.495213039274820767e+04 2.571073226533206616e+04 5.755664462939311306e+03 5.918362392532556441e+03 6.386122346668471437e+03 1.381724927563176971e+04 1.477980513012350093e+04 1.463822301434764086e+04 8.011533639907957877e+03 3.386554368992954096e+03 2.006821351598612455e+04 1.793352786857470619e+03 3.392780512393560912e+03 6.159496567634937492e+03 5.628568954356888753e+03 6.827934562054289927e+03 3.382483967536475120e+03 7.341436627304735885e+04 -1.205003290738457690e+04 -5.715593275370104675e+04 5.106059297473247716e+04 3.006860657449587234e+04 4.633283281562480261e+04 1.907400968489289153e+04 5.906994586139282546e+03 -7.663771158600536182e+03 1.137314284904594933e+04 -1.643217334610049511e+04 -1.072772727307921559e+04 -2.319185856363254425e+04 -6.837038765986628277e+03 8.536949880868429318e+03 9.121482905166109049e+03 -7.648964196015243942e+03 -9.974391407728832064e+02 1.321186085410803571e+03 5.296934869817001754e+02 7.049276984191794327e+03 1.464139253940385061e+04 8.732591486242015890e+03 9.820921598034317412e+02 -6.054325551192472510e+00 -4.224922987843789087e+03 -2.796523664078966249e+03 -2.958364653240892949e+03 -3.904911303608836079e+03 1.036772312511930750e+03 -5.352754559929129528e+02 2.626795207792175916e+03 5.560276158205754655e+03 1.106059611482393811e+05 4.393207280647527659e+04 9.345134583079934237e+04 5.744045152410177980e+04 7.859854609422948852e+04 1.093633016051570849e+03 -7.368776717957834080e+03 -2.883685237531875100e+04 6.435979624762864660e+03 1.107093686870393321e+04 -3.566897104092227528e+04 -7.466669837541428569e+04 -4.863621254412700364e+04 2.727893545597868069e+04 2.349726850163851122e+04 2.306320457060971239e+04 1.123027134709545862e+04 2.183077093550681093e+04 4.780585570827847732e+03 7.476841442481367267e+03 1.341868225151588376e+04 1.369804768248260007e+04 1.981899772511923584e+04 1.409697204886952204e+04 -2.600458202831216113e+03 2.221795418810072988e+03 1.014107721945960475e+04 -2.348239867946942354e+02 9.880249452626982020e+03 1.824127258491419707e+04 -1.398882603078581633e+04 -7.560095807092114910e+02 1.113324851504176513e+04
1.209511719522662752e+05 8.193410673314554151e+04 3.764697275951667689e+04 3.742035361070036015e+04 4.429497763881307765e+04 2.063324747760465543e+05 6.736057975716344081e+05 1.380126276190550707e+05 2.667812164013840447e+04 2.931580392275662598e+04 2.396336898961796032e+04 1.207303332535517075e+04 2.387163553817798675e+04 2.026696818554736092e+04 9.993328015982353463e+03 1.447307702301340396e+04 1.112711943416623217e+04 1.023076767840988032e+04 1.011702829636834394e+04 1.556041531491157730e+04 1.239762182403700353e+04 4.932888993649722579e+03 1.088540580204284379e+04 8.482765405242429551e+03 5.996789474356767641e+03 8.394167711976318969e+03 7.183086853160923056e+03 4.190071368768511093e+03 4.026434561880754245e+03 6.331081682597874533e+03 6.737375579383514378e+03 5.323770676123544035e+03 6.146642799342889703e+03 5.656783053955312425e+03 -3.326440187413842068e+04 2.084079350985794463e+03 6.523976140988124098e+04 6.792677883721532999e+04 1.352146230561000411e+05 3.575165475550632109e+05 1.176040383975933219e+05 3.371775760432666721e+04 7.058076262031059014e+04 2.714874312394282242e+04 -2.749423190411415999e+04 -5.200843021934252647e+03 1.258381108131084875e+04 1.330049206562505788e+04 1.648810355517748394e+04 8.938914541595469927e+03 1.944980953408472487e+04 1.644024654570140046e+04 3.575332940168488676e+03 1.056781621746119163e+04 9.543327259995810891e+03 1.068002097258397589e+04 6.805893853722280937e+02 7.735545627503216565e+03 6.976897852462981064e+03 -3.232479694685145205e+03 9.369526554513838619e+02 6.180980743701473330e+03 7.201830869403255747e+03 1.063874988539488731e+04 8.205616016803109233e+03 4.707974701976082542e+03 -1.072395255727081822e+05 -2.373523419271625608e+04 3.767745307209296243e+03 1.160897138576464386e+04 2.280769535076820466e+04 2.468043447606723566e+04 1.856425945359484467e+04 -1.455385566718013979e+04 -2.015867721887691005e+03 3.376870549868676790e+03 -5.821561745916700602e+03 -2.763422021642520849e+04 -1.243281104791791586e+04 4.912768417992577270e+03 -3.470102756379873881e+03 2.873841061614534738e+03 -3.188390846005145249e+03 -3.359916451481010881e+03 -2.348028286497762110e+03 3.382715939293877341e+02 -2.667034558080409624e+03 4.586778040953834534e+03 1.368476892647051045e+03 -2.251175007900516448e+03 1.838974999670321267e+03 -1.454757484425078701e+03 -6.495160824899609224e+02 5.949801903645757193e+02 -3.496317056025689908e+03 3.496293462043832278e+03 3.971562159404146314e+03 -4.678682498224826304e+03 -3.481723504570098157e+03 -1.950405356302595173e+05 -9.794947671184339561e+04 6.136488985111900547e+04 7.612547344482967674e+03 1.615040304100671347e+04 -4.930261692215794028e+04 1.199864541785377696e+04 -9.057106385515497823e+04 -4.746031888998848444e+03 -2.477012179907528844e+04 -2.334790660861430297e+04 -1.799955449167417100e+03 -3.538912206332284404e+04 1.315402767363169914e+04 -2.719902375611879961e+03 3.505084021712852064e+03 -1.549327888611210619e+04 1.860995948240665166e+04 1.223338439252594071e+04 -4.555574892243897921e+03 -8.256335086769457121e+03 1.039691694136774458e+03 -8.698028265118930449e+02 1.867823506464140337e+03 4.353938013207305630e+03 -9.383185187102808413e+03 7.676838315843603596e+03 1.783178166573947601e+04 2.154198953797802005e+03 1.421538450206149946e+03 2.837451330408726335e+03 2.737805581786625226e+03 1.724529021716784314e+02
7.491777883963198110e+04 1.143091554886607046e+05 2.764234955520846052e+04 5.827747827159891312e+04 3.627095465346104902e+04 3.885388878914120869e+04 1.380126276190550707e+05 5.320056848365725018e+05 1.058620588826731982e+05 3.337678658747938607e+04 3.342862771706213971e+04 2.240375801266430062e+04 2.016424811218115792e+04 1.761596977317937126e+04 1.753218546047043856e+04 1.451315906412918957e+04 1.920487036258287117e+04 1.705489797484219889e+04 7.601926400110131908e+03 8.705507717226711975e+03 8.928004745557060232e+03 9.703708687084499616e+03 1.206431455948324037e+04 8.556768888266356953e+03 5.984961710027499976e+03 7.471987742571777744e+03 7.175287442283336532e+03 5.552240413826833901e+03 5.822801141364469913e+03 6.564682607676863881e+03 5.234418298522803525e+03 4.334578020654041211e+03 5.404239980244047729e+03 -1.706316584606919787e+04 1.356764729268988594e+05 2.477876179543597027e+04 5.025404810757305677e+04 6.381431057417596458e+04 3.197050332333213009e+04 1.370270768597411225e+05 2.502576756109830749e+05 7.889384797889158654e+04 3.103374909794375344e+04 2.244773973389030652e+04 4.383784220011988509e+04 3.201481331733124898e+04 2.149110130811372801e+04 2.580726067205936852e+04 2.971548605130368014e+04 1.647973719787797017e+04 2.008834354587792768e+04 1.223603404544183832e+04 4.252310395592889108e+03 8.900350566277600592e+03 1.396719273302604779e+04 9.050132728604578006e+03 1.021375928814342114e+04 6.946616527619969929e+03 2.159181591389227378e+03 7.182013569760531936e+03 1.234484528749197580e+03 6.127977529716454228e+03 1.065459669598446089e+04 7.815132462320713785e+03 7.754083729425036836e+03 5.368889660329367871e+03 7.518423483646989553e+03 -9.031794780551080476e+04 8.562849127777481044e+03 -6.237472164618740499e+04 -6.434722227424313314e+04 1.809978982471632435e+03 -3.252027418727061013e+04 -4.440187187323237595e+04 -2.038154879630681899e+04 -1.383356350032290720e+04 -3.959394756095526645e+03 -1.514852999248853848e+04 -7.410851351525362588e+03 9.410961378307980340e+03 -6.023617746666724997e+03 -2.473984055630211515e+03 -3.497296215619995564e+03 5.393968715602989050e+02 -4.967124911589381554e+03 1.403248188488486676e+03 6.056338405097408213e+03 3.849597585384317426e+03 5.024434070863264424e+03 -4.586856923804504731e+03 -1.588915361105378452e+03 -5.108108195599223109e+03 1.399190733612123836e+02 2.620245074438414576e+03 1.600566635067079915e+02 -4.421596198263187944e+03 2.008494799895292999e+02 -1.488834201132278395e+03 -7.464717293139939329e+02 8.347187743435853918e+04 -1.466910792405094435e+04 1.367252193835877988e+05 9.289762505330164277e+04 3.886348439805767703e+04 8.114752089273232559e+04 -2.643677536538312052e+04 -2.904797896603322442e+04 -5.676076170345655783e+02 -7.389355044828726022e+03 -3.014444361980630492e+04 -4.188220530504033377e+04 -1.648869266142989363e+04 -7.296265919122835840e+03 2.014716813848081438e+04 -1.299011795452135993e+04 -3.013925118103650675e+03 -4.284944854404880061e+03 -1.653265750390622270e+04 -3.123075808096716719e+04 -1.248861872099828906e+04 -1.702669909831125915e+04 6.062644484269737404e+03 -4.638864873070816429e+03 6.556275623055367760e+03 -5.648377608240827612e+03 9.566605311117938982e+03 -2.440195739365497957e+03 3.237221594484251000e+03 2.963360340945810094e+03 -6.248854913346601279e+03 3.982649607732165009e+02 -2.483362459072279762e+03
4.653110210727591766e+04 4.112016249745255482e+04 1.077693053771529776e+04 2.820401551918587938e+04 2.538999159652465823e+04 4.089846574368543224e+04 2.667812164013840447e+04 1.058620588826731982e+05 4.091442417928293580e+05 9.341293384671167587e+04 2.306370475308758250e+04 1.408137323665349686e+04 1.392541197268488759e+04 8.782526959889853970e+03 8.513646746448675913e+03 4.909117235636374062e+03 9.203496889312098574e+03 1.303476379585597169e+04 6.573061896200994852e+03 9.732711052655196909e+03 7.037818976217103227e+03 6.824804386768360928e+03 4.304026935628920910e+03 4.889832771311678698e+03 4.848450453872105754e+03 5.197438091434291891e+03 8.330514909985457052e+03 5.683436227264745867e+03 4.963503861935916575e+03 3.014491336772382056e+03 5.577846013957171635e+03 3.182727430497581736e+03 1.720328013470542828e+03 -1.466221421682052605e+05 6.587016303231575876e+04 4.270358797137750662e+04 1.022462351131310243e+04 1.554246309027971620e+04 -1.029423954830440380e+04 8.513338510205582133e+04 8.453113848628613050e+04 1.581365120783882739e+05 9.364127925302546646e+04 2.071466118583592834e+04 2.431559272971687096e+04 4.307186530351194051e+03 2.310426090744460453e+04 1.648808872927891207e+04 2.141436067471065144e+03 2.100736411269728251e+03 2.069060739703301442e+04 1.159129258826179648e+04 1.499655472021765490e+03 3.671067004028352017e+02 -5.550706273748614876e+02 8.563132320819149754e+03 6.728930944443281078e+03 -2.057682692469472485e+01 1.421563642854821410e+03 7.902370136728344505e+02 7.494551344883508136e+03 5.151862939558081052e+03 5.599651945926014378e+03 3.893278525124805128e+03 6.137757175883437412e+03 4.368222989767608851e+03 8.988791751906367426e+04 -3.773779914159831242e+04 1.631970462299868245e+02 6.843283153509792101e+03 2.444153225423258391e+03 -1.914831979898209511e+03 2.624713851701745625e+03 2.485944276790324238e+03 -1.478230565579004906e+04 -5.453377013521993604e+02 -1.337926672521943146e+03 -4.453398546367171775e+02 -5.140263841883705936e+03 -5.731485064099152623e+03 -4.708382017882495347e+03 -9.510935140449442770e+03 -1.516292426693379412e+03 1.277711065163874338e+02 4.664995578208960978e+03 3.888731470520880066e+03 8.328677437255742916e+03 1.877277237129580726e+03 -3.878618617841866012e+02 -1.458762709413731045e+03 -4.977661258405974877e+03 -1.218517352953652562e+03 1.924254589508850358e+03 1.851940659027522997e+03 1.081119895405244051e+03 -1.597558826420905234e+03 -2.536186933163436152e+03 -3.178577769451101176e+03 -9.965006486788993243e+02 -4.279193072227778612e+04 -3.069492309464023856e+04 -4.300979710757837165e+04 3.487589629178553878e+04 4.379960441983120108e+04 5.745055424386908999e+04 2.644171669934642705e+04 9.396235840302311772e+03 -1.414857749592586879e+04 -6.500362839209300546e+03 -1.894719693997032300e+04 -2.471427765796515087e+04 -4.360713756053373800e+04 -1.961709048357203210e+04 -1.099288222827900427e+04 2.557342847427265497e+03 5.842397908647784789e+03 -2.485906411337468398e+03 -2.322509205816720623e+03 -4.050533167017465075e+03 -2.261083366052626843e+03 -3.139345470511417261e+03 9.967628352834864927e+03 -3.780812122920076945e+03 4.207369231467081590e+03 7.540281649857061893e+03 6.256770184955483273e+03 4.288427602747929996e+03 3.453612334175206797e+03 -6.548733481377761564e+03 3.380791764873035845e+02 1.759483812270149429e+03 -4.519746579999876303e+03
4.564990432630068244e+04 3.560889409579948551e+04 2.254754420226248112e+04 3.502157655360738136e+04 3.531649008224689896e+04 4.237355846946367819e+04 2.931580392275662598e+04 3.337678658747938607e+04 9.341293384671167587e+04 3.272835738017525873e+05 7.589377000889260671e+04 3.239985097303219663e+04 2.233495769338514583e+04 1.669304547884480780e+04 1.324872077359780087e+04 -1.554577535551271922e+03 7.504828231176722511e+03 4.325571631007263932e+03 4.159629141540985984e+03 8.570103702541062376e+03 8.661792864882290814e+03 7.367356031215647818e+03 5.880479657889207374e+03 7.057464495725457709e+03 2.821053214526978536e+03 4.325871569509115943e+03 2.908311973755415238e+03 3.029868567957683808e+03 3.617234942026448152e+03 3.844373999563012603e+03 5.915765926821261019e+03 1.982418302105588737e+03 2.374249955785141083e+03 1.975880992749678626e+04 5.799726844144047936e+04 3.241316726543795448e+04 3.655855316961758217e+04 2.163070052712536835e+03 3.940348869856417150e+04 6.674096608827893215e+04 3.906516757799328479e+04 6.883654179340954579e+04 1.455425205629254633e+05 7.508656912069483951e+04 3.029223942210775931e+04 1.403333146191452215e+04 3.247140296721572668e+04 1.261777085892274954e+04 5.881273715868520412e+03 2.455202936402731211e+03 2.521769411707679410e+03 1.174016912736627455e+04 3.549548363170563789e+03 1.008182774114366475e+04 1.001321498925828382e+04 7.059771448237896948e+03 3.567933492368790212e+03 5.240778866683708657e+03 5.822760454745131938e+03 7.054416413841136091e+03 5.703512478390620345e+03 3.635026701943778789e+03 1.009415085237158792e+03 2.293386222498627831e+03 4.260512173093056845e+03 1.975194211000470659e+03 -3.988690428561704721e+03 1.328733164581544224e+04 1.753396939366294828e+04 -9.594072595337765961e+03 -1.752078684628045085e+04 4.280578778204344417e+03 2.147037898050110380e+04 4.004666121868513437e+04 -1.062113250011398804e+03 1.570190549075246054e+04 8.688022214291356704e+01 6.860016895132320315e+03 4.153346096307092012e+03 2.104013419829286704e+03 2.847196790520415561e+03 -4.975818981436250397e+03 -5.131913139064048664e+03 -5.548456456819423693e+03 3.789176710277272377e+03 1.665576786303124436e+03 2.132036756533939297e+03 -1.208970023244755794e+03 -1.548064508963191201e+03 3.193758876041916324e+02 1.578958896521593942e+03 -1.994560013537347686e+03 -1.054516314059068236e+03 1.400002001309163404e+02 2.890914779772984730e+03 9.893552542325600143e+02 1.135348548006614465e+03 -1.500886544169064109e+03 6.673576423634426646e+02 -1.256230938754684030e+04 8.795443802440846412e+03 5.042624762141259680e+02 2.137614886463239964e+04 2.062653154919167355e+04 6.948456456803623587e+04 8.491748541717666376e+04 1.795169896351408170e+04 1.505064757799142171e+04 4.874875754155448521e+04 -9.586115333813562756e+03 2.598511420857506891e+04 -1.538823805532540291e+03 1.708830931855456220e+04 6.624579616147457273e+03 -3.803817201960947841e+03 -2.017034548292846466e+03 -5.585526741366936221e+03 -3.377932306036047976e+03 -5.820666948203530410e+03 -1.244369075633923558e+03 5.312595821308448649e+03 5.583256302133266217e+03 6.235933703290953645e+02 6.430633445050491900e+03 4.318660144039652550e+03 1.087466110136248790e+04 3.999410686003911906e+03 -2.245038568641215988e+03 -1.938125864430988258e+03 -4.870997693382832040e+03 4.418758327263038154e+03 -1.122431451745305139e+03
6.608807406925538089e+04 3.508061923000412935e+04 3.624389291835229233e+04 3.998515739631359611e+04 3.575445298093438032e+04 2.446302248609340677e+04 2.396336898961796032e+04 3.342862771706213971e+04 2.306370475308758250e+04 7.589377000889260671e+04 2.324653796336769010e+05 6.231065634458392742e+04 2.199173280018206424e+04 1.568981662636539295e+04 8.209635275350567099e+03 4.522657786351801406e+03 8.823841154528730840e+03 9.986361122689062540e+03 8.145314123536352781e+03 1.002432072426396917e+04 5.642989022955667679e+03 6.550681515232840866e+03 7.389764336176493089e+03 7.849901998931360140e+03 4.608410193597436773e+03 4.462010651459731889e+03 4.968281085953247384e+03 4.575916096560897131e+03 4.702322053055916513e+03 3.283594644077556950e+03 4.328752168361863369e+03 3.076485940831373227e+03 2.046599017541870808e+03 -4.928313288152914902e+04 -5.847890871375059214e+04 1.361252061236244117e+04 5.005416595908413001e+04 4.303370778690279258e+04 3.102405037526428714e+04 4.175441610020519875e+04 3.373476156461040318e+02 3.696130598120915965e+04 5.992470648317706218e+04 1.154332024261037295e+05 4.795781110711654037e+04 1.553002015398581716e+04 9.241763968473303976e+03 7.876781030758124871e+03 -2.531883109978989069e+03 9.381386134540920466e+03 7.089765421834907102e+03 1.233244740031526635e+04 4.850157542199243835e+03 3.708306593727568270e+03 2.352544520310303596e+03 7.901411384061415220e+02 2.004303180576275736e+03 7.093967411000676293e+03 4.951485323745015194e+03 4.155654031111645054e+03 6.348238726854468950e+03 5.483195107786827975e+03 5.337964501261848454e+03 4.359023969866919288e+03 3.536216780323010425e+03 2.442860384183503811e+03 3.787008924322359235e+04 -2.887413654039269022e+04 -2.948222382389812992e+04 -6.425896947342932435e+03 3.982043832280257448e+03 -1.082144349202908779e+04 9.758931606318914419e+03 2.388151122325070901e+04 2.259108156596828485e+04 6.981717782401656223e+03 -1.082513390980872373e+03 -5.661443940780127377e+02 -6.956312067097004729e+03 -4.340625960752384344e+03 -3.070562348353720608e+03 -2.069253008671231783e+03 -1.132719155924619827e+03 7.829061139300584955e+02 1.121061398273384611e+03 -2.285198170073590518e+03 2.824328516579149095e+02 -7.576840236450273096e+02 7.310745417574636349e+02 -4.485976926140485375e+03 1.063819749382678310e+03 -8.482460404422415934e+01 -1.095988829330553699e+03 5.543825233812886211e+01 7.933960782461798544e+02 -4.342311016168796414e+02 2.859272960940404573e+02 -9.871738679116929234e+02 4.224889075347489324e+02 1.089244113229852519e+05 -4.291225294876559929e+04 1.019694162675488042e+04 -1.582818592573518072e+04 3.785081631372592710e+03 -5.343611649445280636e+04 1.915780189840275852e+04 1.100491189265695721e+04 3.382511691126973892e+04 2.729002532652064838e+04 1.047634044490465567e+04 1.378461268534408009e+04 -1.036502853291092106e+04 -5.856747161258109372e+03 -9.653305718590198012e+03 2.085043190283199237e+03 1.319390477350118999e+03 2.784373841454348167e+03 -1.030884846461900997e+04 -1.259799668734302759e+04 -7.133148347888968601e+03 2.500029827984619260e+03 1.492697235861194167e+04 -3.400614212583339850e+03 -5.993465003617509410e+02 1.102006394716208524e+04 8.805199401134083018e+03 6.168270858030040472e+03 -8.091230816626721207e+02 -4.762059561738647972e+03 -5.052239521161513039e+03 5.954822110347313355e+03 -3.396615763020868144e+03
