1.655010292281641245e+09 3.817677933449124098e+08 5.467134513227672875e+07 1.381617942242078297e+07 5.343367622709183954e+06 7.670339447720105527e+05 -1.839777709585202625e+06 -4.545635056082988740e+05 -4.637664136454965919e+05 -4.848427224105761852e+05 2.443764123430470063e+05 5.273241355447696988e+05 1.783144747282527154e+06 5.014502173795381677e+05 -5.799735301011890988e+04 1.878622256604852446e+05 -4.466458262660149485e+05 9.633858831463898532e+05 2.340145308013464819e+04 -2.883951100371645589e+04 7.203875997173732321e+04 -7.084076040576230735e+05 -1.640329780513602018e+05 3.113118911523587303e+05 -1.249173108281953755e+05 -2.902347430576203624e+05 -2.325406667456990690e+05 -1.758649536897207727e+05 6.713043234086969460e+04 6.226114015822923830e+04 1.029381910044671895e+04 -4.297820182430448476e+05 -3.189982335349973073e+04 -3.525195421469939902e+04 -1.074768207780658558e+05 -1.247323266865968471e+05 -6.561665056326919876e+04 2.308479069961353671e+05 1.127186112838397676e+05 1.883322462528893084e+04 -1.327503951014056220e+05 -2.686363750789829064e+05 -2.869802535397285246e+05 -7.920800239029264776e+04 -1.154792521200706542e+05 -1.196417807217094960e+05 -1.549464387283039105e+05 -6.024058917133299110e+04 -4.682589862591871497e+04 -1.110648275740676763e+05 -1.087928718000426888e+05 -7.290638056075619534e+04 -5.356201578540165792e+04 -8.405882249865469930e+04 1.592548773634649173e+01 -1.275742790740409509e+04 -1.842872005346574879e+05 -1.200255720260348753e+05 -1.951606155412079170e+04 -4.873989850843314343e+04 -2.618132274685942650e+09 4.974966748663951159e+08 4.267222966384995729e+07 -1.155179071585579775e+07 -2.460428875376347825e+07 -2.683160365270308102e+05 9.102580580398429185e+06 1.013258415016475879e+07 -7.181191793940510834e+05 1.684737633521990210e+05 -1.770957090595035581e+06 6.786327907369801542e+05 2.217756641669522651e+04 6.420262343840828398e+05 6.590268607441907516e+05 -1.033436728447055910e+06 -6.456975708830429940e+05 -2.123042876007887069e+06 9.469155091563056922e+05 2.538766570681954909e+05 3.439177396261566319e+05 -1.941551865069126943e+05 -2.477084170230824035e+06 -9.551996107279687421e+05 -8.134009919165724423e+05 -9.228973100716163754e+04 1.606043994384060497e+05 6.739250886719276896e+05 -3.232400095700731617e+05 -4.772630252939358470e+05 9.654715279758177348e+04 3.960335655102138990e+05 -2.364271114766741812e+05 -2.250524558702525392e+05 3.235113671416810030e+04 2.351813032779867062e+05 1.796170768658420420e+05 -2.241635702438249136e+05 -3.782739250747276237e+05 -4.201449632612403366e+05 4.337494717621757882e+05 3.043898654007606674e+05 4.637680794114488526e+05 3.643994409403673490e+04 -2.656877662191062700e+05 -1.692769482889249921e+05 -1.939953402347540250e+05 7.433461260013007268e+04 -3.093832172847455367e+05 -2.840344155370268272e+05 -1.717568480450485076e+05 -5.066696498290751333e+04 -3.900943029226906947e+05 -4.125472901043719321e+04 1.290727686861093571e+04 1.505906222294147883e+05 -6.248126831102404685e+04 -1.730526589398577053e+05 -1.588796798123025219e+05 7.466003596713904699e+04
3.817677933449124098e+08 4.095681119604108930e+08 9.850223375297354162e+07 1.885608737948079035e+07 7.866341587794929743e+06 3.211130100139535032e+06 -3.673944309791835258e+05 -4.712128803128165309e+05 4.105925319980073837e+05 3.670382057922508102e+05 -3.148436317225971725e+05 5.437918913918415783e+05 1.429804173032237217e+06 8.794791138095767237e+05 -6.042432986855404451e+05 -4.496234841226031422e+05 4.300776145479161642e+05 -9.073739439768540251e+03 -8.966893255651839718e+04 -3.616524124391173245e+03 -4.542729528297046636e+04 -2.236619557179090334e+05 3.093095084002083968e+04 2.327364567273485591e+05 2.219641407017784368e+05 4.537848045464076131e+04 -1.522122584516030911e+05 -3.667452512483149621e+04 8.128437393322963908e+04 2.332209596219887317e+05 -5.131474988639006187e+04 -8.785749011271430936e+04 -6.631454209529532818e+03 -1.900586878723395421e+04 1.345431900524073862e+05 4.347838068597179517e+04 1.547534038295532082e+04 4.940749317803326267e+04 1.850701488071333370e+04 -1.798614294519901887e+04 2.172152704765583258e+04 -6.830469300324512005e+04 -8.803312788487650323e+03 -1.184112695832339341e+04 2.074964650754412651e+04 -2.574105961007669248e+04 -6.600106359177514969e+04 -6.647028638860178944e+03 -1.190012038415737334e+04 -2.544975031753362418e+04 -2.163309572776050572e+03 -1.004309123051863935e+04 -3.349308579207340244e+03 -3.259069051350045265e+04 -3.364034012206018815e+03 1.886047242003722567e+04 -7.134317986342639779e+04 -1.085059278674408961e+04 -3.019677227470322396e+04 -2.241687541686516124e+04 -5.900567968138533831e+08 1.600432665576776862e+08 1.440207962588349283e+08 3.814521435618118197e+07 3.127260784633493982e+06 1.693185855889290106e+06 -2.711180855674555060e+06 5.723282557212033309e+06 2.446108403356603347e+06 -1.034441669783757068e+06 -2.383882819761506689e+05 9.200327579915238312e+05 1.489341888932276750e+06 9.616792133161437232e+05 1.149471976518987911e+06 3.865285019750321517e+05 -5.969425297848792979e+05 2.173650133759640739e+05 8.146948553801374510e+05 -1.204046834100735286e+05 -2.478517935833935626e+05 3.017593102430388967e+02 -3.786109602330548805e+05 -1.014250412398273620e+05 -4.224250781261712546e+05 -5.056290257181500201e+05 -4.597808052282658900e+04 1.873584114405237488e+05 2.317187821069576603e+04 1.726422663700082558e+04 -6.703770931629861298e+04 -1.553162048905238953e+04 -1.691915721510493895e+05 2.696554850469750236e+05 1.697047571858161828e+05 1.143082917017747386e+05 2.087215917638730389e+04 -1.220593621525273629e+05 -1.072598394625327928e+05 -1.619405030103387835e+05 4.784634548791668931e+04 -1.035343896093064541e+05 -3.640329490067494771e+04 3.094469728662013949e+04 -9.732940739062162174e+04 -8.374580290235669236e+04 -1.705482871808370983e+05 5.611387937038831296e+03 -1.168472923905900680e+05 -2.720819463643728523e+05 -2.316359480743667227e+05 3.532959691843527253e+04 -9.876599426544617745e+04 -4.120611578942065535e+03 -2.533635492293490825e+04 -9.961814333657675888e+04 -2.662061050688463365e+04 -1.014601236359659815e+05 -6.014778078149035719e+04 1.663700704040657729e+04
5.467134513227672875e+07 9.850223375297354162e+07 1.465372180555383563e+08 4.290444729261577874e+07 9.155597872482310981e+06 3.261899704879774246e+06 4.925387968340448570e+05 -1.116390019820586313e+06 -1.396552864436367781e+04 5.664313282750233775e+05 2.986670210649683140e+05 1.083534669346178998e+05 5.547746868502327561e+04 3.095329244634737261e+05 1.350047296520657837e+05 -3.328891962742406758e+04 2.988949547467280063e+05 9.405053965071150742e+04 6.866533008931601944e+04 -1.477134794767885978e+03 -1.733424013387757805e+04 -2.757568956261167114e+04 4.076671976413478114e+04 1.329363483917791746e+04 5.600995343517601577e+04 1.617267982098894026e+04 1.677360163556296175e+04 9.076080483819131041e+04 1.176335117979324714e+05 2.510937689224401838e+05 6.886719526144870906e+04 -1.279839596227015682e+04 2.782278394869672411e+04 3.217235604578218499e+03 1.106088998672818270e+05 8.233357702117969166e+04 -4.866847118008348843e+03 7.410215840073808977e+03 1.397679998634352341e+04 -2.018035243642057685e+04 3.872266866108296381e+04 2.216887619782159527e+04 2.476864545388715123e+04 5.928249165688486755e+03 -2.451685165937181591e+04 -3.549695371716359659e+04 -5.355111207028722129e+04 -5.085162430709837645e+04 -1.433881013568673188e+04 4.785662837255208615e+03 8.707871273045275302e+03 1.423670572308383953e+03 -1.159328356513328572e+03 -2.274762301417798517e+04 -1.195752433079051480e+04 -2.981639584796558665e+03 -2.051156136029202025e+04 -5.050454192665374649e+03 -2.363150502895245882e+04 8.339821291176596787e+03 -8.723513201943780482e+07 3.794820722477869689e+07 2.863220127765998617e+07 6.665123914181433618e+07 1.790122458259098977e+07 7.809056730258093216e+06 -7.584786599461070728e+05 -2.453822289022623096e+06 -5.178311456355485716e+05 6.512492413486358710e+05 1.159810709613669664e+06 -8.610477508886533906e+04 -2.184803244932689995e+05 -1.009333029548998573e+06 -6.341652244122632546e+05 1.264694208168393525e+05 1.131677732922941232e+03 -2.602390908779737365e+05 -2.504649022039723350e+05 -1.237170702475774306e+05 -5.592409085879736813e+04 2.009910170043016842e+05 3.808723118116694968e+05 3.474240264034753200e+05 2.992881141811237321e+05 -1.588076022271209513e+05 1.075836337412308640e+05 5.444321408104064176e+04 2.131252098576579010e+05 1.667418942334312014e+05 1.615041734794806980e+05 -2.247117078576041968e+04 -1.396749841514203581e+04 1.526548038697669399e+05 1.137645394521141861e+05 1.393360965111358964e+05 5.262412331164694479e+03 -1.087581827690376522e+05 -5.744799288837395579e+04 -1.288478682529825892e+04 -2.489217322246271942e+04 -3.451023354043556992e+03 -4.356866958485061332e+04 -2.414127805646868728e+04 -1.630793268199885788e+05 -1.119461107428375690e+05 -7.640186963429521711e+04 -1.706229345968671259e+04 -1.742028715620836738e+04 -4.725248998715628113e+04 -8.445974377890181495e+04 2.621824668166448464e+04 -3.020738080759636432e+04 -1.667240071334080494e+04 -3.905701403455384570e+04 -3.598380645786792593e+04 -5.896295030565593333e+04 -8.400761177830181259e+04 -8.342963351909794437e+04 -9.150508294570783619e+04
1.381617942242078297e+07 1.885608737948079035e+07 4.290444729261577874e+07 8.142491548382584751e+07 2.488992984345714003e+07 6.752594468159282580e+06 2.388446720543504693e+06 5.855971658550080610e+05 -8.652235986077209236e+04 5.111896489669999573e+05 3.937102689126976184e+05 2.627001298479916877e+05 7.022019765601695690e+04 4.036340214906704932e+04 -1.404135789920966818e+04 -5.026567004174110480e+03 1.095043327257385972e+05 1.384737532565465663e+05 2.561972229762921052e+05 1.372476356933703355e+05 3.498939558921194403e+05 2.442952705454723327e+05 1.454444627206394507e+05 1.800551834272572887e+04 1.503076790539860667e+05 1.565934442392478195e+04 1.083529796000141941e+05 9.314396436482304125e+04 7.137063943231500161e+04 8.037906788275620784e+04 2.713582190028198511e+02 3.463816612922042987e+04 7.083090036584052723e+04 7.016378406331200677e+04 8.862203986897594586e+04 3.965656336677633954e+04 -7.911378804886981925e+03 -9.203833715407970885e+03 -1.042792452170920478e+04 1.066475581420879962e+03 1.079782671829961328e+04 -1.233214575820585924e+04 -8.672858509708685233e+03 -1.819357767059796970e+04 -4.331548357039179973e+04 -9.525388138094194801e+03 -4.242606293708877274e+03 1.734033266003137442e+03 1.337760707726884721e+04 -5.903650999603890341e+03 -6.513777182884865397e+03 -6.982257996901742445e+03 -2.782991030211582256e+04 3.280004485755908718e+03 -1.990454147237183861e+04 -1.004020822682720791e+04 -1.474999722865731201e+04 -3.509453422283079362e+03 -1.430417926409334905e+04 -7.315437443502583847e+03 -2.654500856126295775e+07 3.808794421053743362e+07 2.342719629921994731e+07 3.124090980032845587e+07 3.086575255386440083e+07 1.881488968686944246e+07 2.080889956513000419e+06 1.221073518374183215e+06 2.499922857493349002e+05 -2.031246097554561275e+05 4.202093954296077718e+05 -8.848187202983550960e+05 8.008112781377973442e+04 4.398322239141546743e+04 -9.582087967102551193e+04 -1.543537467216030054e+05 3.011742137125619338e+05 1.874811092561719124e+05 4.686151054055187851e+05 3.275296346224562149e+05 3.694378336385438161e+04 2.138680669176043302e+05 3.564252323667016462e+05 2.997014363111183047e+05 2.056318243763040809e+05 1.283152856632259500e+05 1.022810460018828162e+05 2.277716552706036309e+05 2.919816628809004906e+05 6.553369844189584546e+04 9.830948556554532843e+04 7.386019274099229369e+04 6.344381741417714511e+04 -2.837026535042512114e+04 6.829780642710851680e+04 1.969429391694015940e+05 2.574571535084799689e+04 -2.512358426725861864e+04 -5.639922070489593170e+04 -5.260677632874382834e+04 -3.806546508754217939e+04 5.731686317484392930e+04 -7.329541511895088479e+04 -9.336209462880314095e+04 -1.993937543905912389e+04 -2.722726709044280869e+04 1.290029072697395168e+04 1.380656434529225589e+04 8.283354356440302581e+03 -1.811296791031145767e+04 -4.655491449027859926e+04 -2.361214443159752773e+04 -4.225861655325537140e+04 -8.784480015915315221e+01 -9.987716843197978960e+03 -6.666813818624516716e+04 -5.217080566687308601e+04 -2.398850481596141981e+04 2.793391867335978532e+03 -2.226059086240633042e+04
5.343367622709183954e+06 7.866341587794929743e+06 9.155597872482310981e+06 2.488992984345714003e+07 4.341484995806821436e+07 1.389999844413489290e+07 2.064859958360854536e+06 3.481996535633724998e+05 3.219717872286583297e+05 8.747681230581657728e+05 4.508764889159364393e+05 3.442097610291962628e+05 -1.441660148608497984e+05 -4.525114330840048206e+04 5.744666619715753768e+04 1.668071302751523326e+05 1.603816435572417686e+05 1.863558820546654460e+05 9.869226645152484707e+04 1.612027761792662495e+05 1.917471278985479730e+05 8.801028931076452136e+04 1.100539475705416844e+05 5.404054443370768422e+04 1.145515830085874586e+04 3.496386495702786488e+04 4.434310544397864578e+04 1.250393565705870242e+04 1.638015867428218553e+04 -2.773846311898039494e+04 -6.708626141677972919e+04 -1.090431445786294353e+04 1.578087159975542090e+04 2.912752898375820223e+04 3.105330910510430476e+04 -2.245436157538717453e+04 -1.456763905502702073e+04 2.330536924505115894e+04 1.389418949461334887e+04 2.423078253241133643e+04 -5.983163429482143556e+02 -1.344095985629248935e+04 -9.191279064701839161e+03 8.541066820234995248e+03 -5.661380524071574655e+03 1.367890480579765608e+03 -5.868490894670617308e+02 1.801326158290851527e+04 6.549688642415130744e+03 -1.074905310171433666e+04 -3.097731256558901441e+04 -1.757128775698634126e+04 -2.468346272117460103e+04 4.699908416828430745e+03 -6.906063517675069306e+03 3.906709667029699176e+03 -7.286986462813283651e+03 2.654091846337565585e+03 8.397651548909310577e+02 -4.634925167874122053e+03 -8.271872586047339253e+06 1.023698474770076200e+07 1.464687290678240173e+07 1.393476593765474856e+07 8.851162812049236149e+06 1.474843651822608709e+07 2.993778249795017764e+06 7.086408773254129337e+05 1.216928904750806279e+06 7.689815064842881402e+05 4.204027997054973966e+05 -3.421486317613924039e+05 4.820109916699916357e+05 3.538502837156187161e+05 9.358539339803997427e+04 -2.946271055513411411e+05 6.378426168856437289e+04 1.335538535480154969e+05 1.515578487007866206e+05 2.300766486713364720e+05 1.320311722378505510e+05 6.887781966752209701e+04 1.079431877135763789e+05 1.685738957694788696e+05 1.746362052167574002e+05 1.446585236341779237e+05 1.023603899931082851e+05 8.782381337064973195e+04 1.349987055003294954e+05 6.824459794864951982e+04 3.260323612110874092e+04 7.195399568317814555e+04 1.673719996985242469e+05 5.461117316758332890e+04 -2.193841999564704383e+04 6.423780718519053335e+04 -4.702665913608128176e+04 -1.313685658285472309e+05 -4.256417814014782925e+04 -5.364005184286023723e+04 -1.485243374630903418e+03 -1.985251380119139640e+03 -2.230794823183599510e+04 7.973370031205244231e+03 1.204885057027088988e+04 -3.138915098487280920e+04 -8.786673317795108233e+03 -1.924707244308753798e+04 -4.912252035947859986e+04 5.893297762948151103e+03 2.676656301314536177e+04 6.844104580563938725e+03 -1.234730903607387336e+04 2.973008877533176019e+03 -2.771460207713375439e+03 -2.161409449249278259e+04 -2.549007786871254939e+04 -9.944136572587294722e+03 6.235592410791276052e+03 3.053587794942216078e+03
7.670339447720105527e+05 3.211130100139535032e+06 3.261899704879774246e+06 6.752594468159282580e+06 1.389999844413489290e+07 2.374019775694898143e+07 6.552906775818008929e+06 1.067828474678217201e+06 5.507423508347028401e+05 7.999048419476336567e+05 3.905916057010974037e+05 1.143916239922480163e+05 2.322573662637211237e+04 6.394891376388042409e+04 -2.716446991815577712e+04 6.092990817263461940e+04 1.002608089170817548e+05 1.758753361663143733e+05 1.538580556035001937e+05 1.003290747349401208e+05 1.577605900586778298e+05 5.923904916110646445e+04 6.042233507873182680e+04 2.106041677654482919e+04 6.739155585131925363e+02 3.984439090381390997e+04 3.862296670579404599e+04 2.913304414438695858e+03 3.043097389565847698e+04 4.934278269379878111e+03 -1.928174023901818146e+04 3.956759489839145681e+04 2.667423254184718076e+02 4.620268841610571690e+04 4.928354938381704414e+04 1.302147106792133491e+04 2.769541187820422419e+04 2.764325829327528845e+04 -2.304386071318160248e+03 -5.634313823592608969e+03 3.955969246466072491e+03 1.010959010385777401e+04 4.056460587638326615e+03 -6.645441969400266316e+03 -3.918838120623012401e+03 4.069135642956438915e+03 1.288994083038168583e+03 2.534143593235186927e+03 -1.582106054318034239e+03 8.358267795817440856e+03 -2.236129535662440685e+04 -1.347032748393694237e+04 -1.320397228098044980e+04 -8.162201468816334682e+02 -5.885256686096806334e+03 5.071236530139820388e+03 -1.382347545951756729e+03 -1.140893996797230329e+03 2.166299400081778003e+03 6.885750038818668145e+03 -9.103263737881450215e+05 2.569913199354832526e+06 3.034787986525555141e+06 1.082204230117566697e+07 9.323399216393988580e+06 1.136154218212281354e+07 9.861236187058053911e+06 2.123782857894470450e+06 5.376733807760557393e+05 9.369398424729789840e+05 2.882924545489301090e+05 4.479387783368805540e+05 2.795585266568526276e+05 4.547098755709730904e+05 1.801970801876349433e+05 -3.005591872736293226e+04 5.532426655448028760e+04 1.149165269432170026e+05 2.067732071973733546e+05 2.359758478114643949e+05 2.501463719124482013e+05 1.036033622096861800e+05 1.501939615958345530e+05 1.276008639439252147e+05 -3.258089301491488368e+04 -6.227362148351466749e+04 2.961150504075654680e+04 5.773367945569026779e+04 9.514710646962690225e+04 6.896621016715157020e+04 4.679075642434152542e+04 8.737816597503644880e+04 1.026235791497612372e+05 6.207281692202913109e+04 -5.185215878399295434e+03 4.463413115406763973e+04 6.229671575663179829e+04 5.621254501002863253e+04 2.438024763138609705e+04 -2.176042104249411568e+04 1.945072735724504673e+04 4.085372019068514419e+03 5.232890147675789194e+03 4.705393736095000349e+03 3.855823147588641586e+04 2.490263817148378439e+04 6.208898668042027566e+03 -1.277616353808739950e+04 -3.889402709384453919e+04 -2.394570170535822035e+04 2.472859705553311142e+04 1.009009140293444943e+04 1.164066134790076285e+04 1.017367592999138105e+04 3.030489142960617392e+04 2.524798069005822254e+04 2.073899179128689866e+03 1.227813417650238080e+04 -1.515432589997971036e+03 -2.109643964896677790e+04
-1.839777709585202625e+06 -3.673944309791835258e+05 4.925387968340448570e+05 2.388446720543504693e+06 2.064859958360854536e+06 6.552906775818008929e+06 1.303821728301440924e+07 4.294934043070447631e+06 9.456326998654949712e+05 3.945937001363299205e+05 2.861169200915236725e+05 1.112543833948916435e+05 9.916640814801400120e+04 7.556400204041048710e+04 1.183173638652900991e+05 3.764641342680204252e+04 6.218907369822874170e+04 6.539214843336165359e+04 1.014864916281231563e+05 1.078792142372366070e+05 1.324892155036431504e+05 1.024385416378181690e+05 1.940111704530306815e+04 3.218459549712911758e+04 3.564261923183937324e+04 5.166706631137346994e+04 6.500837214030470932e+04 4.176459047021067818e+04 4.466755961916955130e+04 4.810892114684716216e+04 6.894712589743824537e+03 2.043350623179893591e+04 1.007802958287185538e+04 5.308168122074040730e+04 5.542339162259302248e+04 4.065468350416039175e+04 4.262131564331387926e+04 3.848585548718859354e+04 1.792552508315376326e+04 2.361217776436373242e+04 1.191231512439581820e+04 1.632215817981860346e+04 2.503499707366149596e+04 2.582750345041923356e+04 1.899163855781296297e+04 8.981994067407651528e+03 1.688678833757743269e+04 1.309200567491498805e+04 7.610640725201112673e+02 1.754647021655405115e+04 1.077941668973341257e+04 3.109326647419639812e+03 8.911497060503150351e+03 8.177573343928788745e+03 4.231042942950271936e+03 5.687611749772996518e+03 4.326540691713208616e+03 2.960641252746504506e+03 6.853076473391501167e+03 4.905020843607542702e+03 1.630350979714723770e+06 -5.439316869724862045e+05 -1.734303084817077033e+05 7.678063730243979953e+05 3.975227286176921800e+06 6.603974475357912481e+06 5.628422129389923066e+06 4.137720092303656507e+06 1.536614521359784761e+06 7.025126143089121906e+05 1.957383242911309644e+05 3.345507676569412579e+05 4.153348668203162961e+05 2.588171514974179154e+05 1.040727430967773216e+03 7.749273378622166638e+04 1.205757462840541484e+04 1.528581412301829259e+05 1.031584573518158140e+05 1.849522216253370570e+05 1.980510579899667646e+05 4.594569368011466577e+04 6.989213043306030158e+04 9.596017705145970103e+04 -4.226031148883092101e+03 4.340856565925774339e+04 7.328697689878975507e+04 1.144367341161479271e+05 7.212575663171322958e+04 6.484719477153693879e+04 4.338468407876884885e+04 1.258493489136159951e+04 4.248837498872886499e+04 1.823726871015748657e+03 6.162906651704855904e+04 6.426652507766278723e+04 1.035637657702872093e+05 7.011612001777341357e+04 2.605556339756411398e+04 3.085412135681962536e+04 3.102287481023065629e+04 3.776585837783650641e+04 3.726907085780283523e+04 2.081189714934169751e+04 9.290218870384962429e+03 1.276593645013040805e+04 5.805761934609484342e+03 -1.780231179196032826e+04 -4.595169439712456551e+03 5.448697307435204493e+02 3.259164307944117172e+04 1.362608055540759779e+04 -1.329756165118224317e+03 2.383285811971147268e+04 2.678077591473475695e+04 1.821664013800270550e+04 1.569926602199437366e+04 1.597852212258897816e+04 -1.643435207857694695e+04 -1.000477954743851296e+04
-4.545635056082988740e+05 -4.712128803128165309e+05 -1.116390019820586313e+06 5.855971658550080610e+05 3.481996535633724998e+05 1.067828474678217201e+06 4.294934043070447631e+06 8.443327883888132870e+06 2.784859729906176683e+06 7.499231037510383176e+05 3.867767826663151500e+05 1.028745902380557964e+05 7.107375174595169665e+04 6.507153249214956304e+04 4.529719568625570537e+04 8.912171421573574480e+04 1.056462889653788152e+05 9.042588591355457902e+04 4.269052317557857896e+04 5.377829508363168134e+04 8.973280892821474117e+04 8.062202569827728439e+04 3.895337500331227056e+04 2.989566782763354058e+04 3.143090649752478930e+04 3.306983815488193795e+04 2.120531151226887596e+04 3.543700959925253846e+04 3.292371152100976906e+04 3.770583573368924408e+04 4.045882680811566388e+03 1.157136133939382125e+04 2.195878111254295436e+04 3.554762554925791483e+04 2.298547169784326252e+04 2.707962306113516752e+04 1.571374552605683311e+04 1.482151224636737425e+04 1.518331325596022180e+04 1.914928416589298649e+04 2.509692365009715286e+04 3.010279855931791826e+04 2.176207576637008606e+04 1.655381624695647406e+04 1.909376901305983483e+04 1.115903673324673764e+04 1.643242324196793925e+04 5.955126619562955966e+03 -4.321466900297210486e+03 1.265883914081780858e+04 1.097602727320178565e+04 3.111534278794748388e+03 -5.283300999442336661e+02 2.082139873664728782e+02 7.686414120952764279e+03 5.009060898115082637e+03 6.549609545610090208e+03 -1.044348996678658750e+03 7.070267999579011303e+03 -4.235302454778698120e+02 -3.936943943583818618e+05 -2.884676164803045685e+05 1.385183167104851454e+05 -1.166711878707327414e+06 -1.916889995112263132e+05 8.098286376939653419e+05 3.275982119713166263e+06 2.785434306077517569e+06 3.147335071258999407e+06 1.164664988989993231e+06 5.697701067895174492e+04 1.882161592921229021e+05 2.978240916572122369e+05 1.626879339392401162e+05 3.122661282047209170e+04 6.226757735125200270e+04 8.854297165304068767e+04 6.007505879716955678e+04 1.169226128913081047e+05 6.551525203293575032e+04 8.369015148086792033e+04 2.055905207353767764e+04 -2.425035752578967004e+04 -2.565927594253301504e+04 3.558346211988626601e+04 1.802215630359420174e+04 6.551752401908736647e+04 5.952442641425035254e+04 5.695732039899408846e+04 4.365590761507104617e+04 5.086154908531943511e+04 1.086753663268405217e+04 -1.681610778001805011e+04 -1.237063970677893303e+04 2.590790049888835711e+04 1.059852650798729337e+04 2.883859371663068032e+03 2.655892519840725436e+04 7.951823157909120710e+03 2.064548457998897720e+04 2.506764098213284888e+04 -2.061962741444512631e+03 -1.457840207520435615e+04 3.790903491706403202e+03 6.970214794655443256e+03 1.187514957691577729e+04 5.131973444399047366e+03 2.260792132138175020e+03 7.139526739472647705e+02 -1.783684229967949705e+03 4.956571173252244080e+03 1.572141498608600705e+04 1.545152227029395362e+03 1.120993776383724071e+04 8.834960227409905201e+03 7.117594500520173824e+03 1.839284204951392167e+04 1.645818398819808499e+04 -1.950004893251117892e+03 2.084377683240769329e+03
-4.637664136454965919e+05 4.105925319980073837e+05 -1.396552864436367781e+04 -8.652235986077209236e+04 3.219717872286583297e+05 5.507423508347028401e+05 9.456326998654949712e+05 2.784859729906176683e+06 5.335552424870828167e+06 1.767814573413713835e+06 4.832563299826105940e+05 6.986997748126606166e+04 1.095853292855943582e+05 7.649399401542927080e+04 1.123082556282015430e+05 1.337875075773388089e+05 8.836755804847057152e+04 1.225504712606428366e+05 1.053820298940302746e+05 7.559354600078635849e+04 8.830206303418288007e+04 6.236341045387097984e+04 6.321788213657703636e+03 2.799453163437721014e+04 3.207854436310701931e+04 1.854207214431503235e+04 5.204243202510941046e+03 2.997423748763792901e+04 2.132319027802832352e+04 5.506736890129486710e+03 9.278056356835926636e+03 2.527012473129419959e+04 3.919906572811313526e+04 3.440216225855664379e+04 3.427845170571561175e+04 2.848428429524640887e+04 1.682479583617667959e+04 7.801659648568202101e+03 9.010210807961722821e+03 1.307876196429792253e+04 1.379902055445029146e+04 1.774515158489518581e+04 1.311837312798877974e+04 9.903648172538500148e+03 1.121103221332963221e+04 9.419282037644761658e+03 1.618140321174411656e+04 5.020205159487254605e+03 -6.594086878903550314e+03 3.592666296512638837e+03 9.755796725393558518e+03 -3.141810796568235673e+03 1.351066667254568529e+03 -5.095564762933206111e+03 6.225071572024497073e+03 8.852003197720823664e+03 3.695301976959035073e+03 -1.963463256915256807e+03 9.586820836273985833e+02 -2.763495451322915869e+03 -6.522428623199812137e+04 8.327834107857914641e+05 2.203597604199799709e+06 3.314547238259299775e+05 2.266781502370019443e+05 -1.103361315951407887e+06 2.435342961229192442e+05 1.890579505460405024e+06 1.829325103580889758e+06 1.952850597069704905e+06 6.618063222642175388e+05 3.025342359917494468e+05 1.435379076319766755e+05 1.971107750395308249e+05 1.047579864924488647e+05 1.555159812206347124e+05 4.507930488836103905e+04 1.231925400976523233e+05 1.000364069221131795e+05 5.966661239346373623e+04 1.318719141722476634e+05 8.006260601104510715e+04 -1.323142956734002109e+04 9.931944042488488776e+03 6.308126700360422547e+04 3.776436561635012913e+04 2.543620139844719233e+04 1.794464120904273659e+04 3.079074559344586305e+04 3.828648656880230556e+04 4.557070495913796913e+04 5.484419221691381972e+04 2.168483425452485972e+04 4.578427717855523224e+04 3.982613241316950007e+04 3.460278840333651169e+04 2.055664806526487155e+04 1.843927069435010708e+04 2.626269718813965665e+04 1.706645299438633447e+04 1.447675478619732894e+04 -6.090137035156111779e+03 1.128920634368838546e+04 1.427750642668914588e+04 4.969973881984767104e+03 3.323012229245331582e+03 1.284841289555631920e+04 -6.903092175317836336e+03 -4.118514568276623322e+03 1.861847159274132537e+03 -1.077422955512376029e+04 4.652509456979662900e+03 -4.798470341594507772e+03 2.173838676196821780e+03 1.149534075891835528e+04 -5.585229390420233358e+03 2.097128377386085504e+03 4.210392296036218795e+03 -7.227464199121167439e+03 4.133625689558193095e+00
-4.848427224105761852e+05 3.670382057922508102e+05 5.664313282750233775e+05 5.111896489669999573e+05 8.747681230581657728e+05 7.999048419476336567e+05 3.945937001363299205e+05 7.499231037510383176e+05 1.767814573413713835e+06 3.487406300752629992e+06 1.166200447820064845e+06 2.733851155757973320e+05 9.890434847910318058e+04 6.985485854446412122e+04 1.159408519151984510e+05 8.651886405207905045e+04 5.836854120480767597e+04 6.496385773363453336e+04 8.074390955659707834e+04 6.696338955605145020e+04 5.668395463312256470e+04 4.471631090738752391e+04 2.943340215363071184e+04 4.341078148397593759e+04 3.860584577510863164e+04 2.201156121427499238e+04 2.714475281398513471e+04 4.198715281774129107e+04 2.628427327174925449e+04 9.193322850321113947e+03 1.804880184336490129e+04 2.617798056841943981e+04 3.248217933087493293e+04 2.636106240879436518e+04 3.126989532154004337e+04 2.086210876389057012e+04 1.157420284695352166e+04 2.102333601162973355e+04 1.084228838478433681e+04 1.562691869681651406e+04 9.300951117710683320e+03 1.457107949429434484e+04 7.609804442700371510e+03 1.249588863259076061e+04 1.237247740914657516e+04 7.118326415545362579e+03 1.042067974660625077e+04 4.360191345168610496e+03 1.176203741456396529e+03 4.612037866071937060e+03 8.227511105214085546e+03 2.046200044141823582e+03 8.769260960808762320e+03 3.333600466955591401e+03 7.526390201899113890e+03 8.537460081271943636e+03 4.196749615360025928e+03 2.491746241647661009e+03 8.413124423351861196e+02 1.731904044840200356e+02 4.509182643795018084e+05 6.143552382457808126e+05 2.885453760628310498e+06 3.637722135543656768e+05 5.908243938816906884e+05 1.385391256393797230e+05 -2.876316595384076936e+05 6.118282092232019641e+05 9.402201918930218089e+05 1.040551279205072322e+06 1.442913050328020239e+06 6.469118024266950088e+05 2.456025709827932878e+05 2.011481367134294414e+05 9.763151346121344250e+04 1.359875436939506326e+05 1.274292898891006480e+05 1.205327374622683274e+05 8.722230949177214643e+04 1.070757042957716767e+05 3.603844621368763910e+04 4.760635185343725766e+02 1.953049691804971735e+04 1.259095154245577396e+04 2.594483368519835858e+04 3.881541435109700979e+04 2.394465453046741095e+04 -5.353899230907688434e+03 2.072504202149309640e+04 2.926587075541888044e+04 4.024986572710738255e+04 2.008679008839458038e+04 1.243629500862585155e+04 3.636713550824845152e+04 1.603562094638714188e+04 1.043288680943773579e+04 2.541451547309199213e+03 7.163974571040275805e+03 6.271833503361310250e+03 1.281237376308391504e+04 2.019434166602268670e+04 -6.287342155526585884e+03 -1.721395985324120375e+03 6.891055161616824080e+03 1.286051163052200718e+04 1.034157939499831991e+04 4.060833218284227769e+03 -7.189047926098390235e+03 -4.260040074465431644e+03 8.684951865754992468e+03 1.034356942999038620e+04 1.371915204118874681e+04 6.850274676086111867e+03 1.193049875545707073e+04 8.706322076897073202e+03 6.844124539128702054e+03 6.807025019379485684e+02 1.374899313848552993e+03 2.694097330075208447e+03 4.603681618104298650e+03
2.443764123430470063e+05 -3.148436317225971725e+05 2.986670210649683140e+05 3.937102689126976184e+05 4.508764889159364393e+05 3.905916057010974037e+05 2.861169200915236725e+05 3.867767826663151500e+05 4.832563299826105940e+05 1.166200447820064845e+06 2.551658859329523519e+06 8.549831591906669782e+05 2.483016871350559813e+05 1.027480317570364714e+05 1.578092601962837798e+05 1.054762153925767489e+05 6.048500416168346419e+04 5.030311474379682477e+04 5.609992494775984233e+04 5.534420825776692072e+04 3.965464173409674549e+04 5.152787509490246885e+04 3.864318818917315366e+04 4.123990753874293296e+04 5.087599543595471914e+04 2.023122026647652456e+04 2.344496214346708439e+04 3.934019452067787643e+04 3.670900632474078157e+04 1.535474077650908657e+04 1.734404951655052355e+04 1.267084330414905344e+04 2.552423181189888783e+04 2.449725517058412152e+04 2.924212611802753599e+04 1.733158330416326498e+04 1.638134836291174906e+04 2.006686807693291485e+04 1.750686793714252053e+04 1.705301960992780369e+04 5.095436284895953577e+03 1.129243060214692196e+04 4.292813397028742656e+03 1.411581002413034912e+04 8.949403980695582504e+03 8.281575598769308272e+03 1.230130141356677268e+04 7.142291406475094846e+03 5.972373460804090428e+03 6.498022265133187830e+03 4.272079139033140564e+03 7.596553280364510101e+03 4.658508307281520501e+03 5.540963211943118949e+03 6.847843967467304537e+03 4.177065346847339242e+03 3.640268556842037015e+03 2.280688898076426085e+03 3.404339299701916843e+03 5.031941996793337239e+03 2.538962023843844654e+05 -2.484889137907802651e+05 8.677182527818116359e+05 -3.483682305491477018e+04 3.807177956426311284e+05 3.132195010099937208e+05 1.195366916137349035e+05 4.633500484482593019e+05 6.500308803366137436e+05 8.937454932348314906e+05 1.130182994730438339e+06 1.114350081026572036e+06 4.244317746090651490e+05 2.681391891101154615e+05 1.402443269912565302e+05 1.176024055879546941e+05 6.439752954652181506e+04 7.209871090237262251e+04 4.619631974155263742e+04 6.575243999368330697e+04 7.209441587406201870e+04 2.317101135389291449e+04 8.287952994461340131e+04 6.147417592430365039e+04 6.028912521412110800e+04 7.307070550677408755e+04 8.252674849859393726e+04 6.224979348206802388e+04 5.955309115051307890e+04 5.971921837909494934e+04 3.177865914130672900e+04 1.568971983287830335e+04 2.430773415097270117e+04 3.136548956617986551e+04 4.486787975582148647e+04 3.426852189564341097e+04 2.054921864607089447e+04 1.736833808176689490e+04 8.798216851673536439e+03 8.786638342287114938e+03 7.577062444614295600e+03 -7.872159224126695335e+03 1.617766783629971087e+03 1.181443855475509736e+04 1.921872486406781536e+04 1.479028188515001239e+04 -8.721960721825939800e+02 -1.083145594993434088e+03 3.903616006802448737e+03 1.281328481481683230e+04 2.009756173888901321e+04 8.466982881136500509e+03 1.647123621640792408e+04 1.462558398101525381e+04 9.797211899635605732e+03 1.288681313958092323e+04 8.715170127926567147e+03 7.595709146713449627e+03 2.777966906083451704e+03 -1.961286016844777578e+03
5.273241355447696988e+05 5.437918913918415783e+05 1.083534669346178998e+05 2.627001298479916877e+05 3.442097610291962628e+05 1.143916239922480163e+05 1.112543833948916435e+05 1.028745902380557964e+05 6.986997748126606166e+04 2.733851155757973320e+05 8.549831591906669782e+05 1.847257646089731483e+06 5.982358384234326659e+05 2.034896886075461225e+05 1.099527166063266486e+05 1.148792235618202249e+05 5.107152663300606946e+04 3.000894303669409419e+04 3.173188810564104642e+04 5.461345791664622084e+04 4.116831293027543143e+04 6.093018302946977201e+04 4.334369800718871556e+04 5.580154417612210818e+04 3.693669240395693487e+04 2.352123093625865295e+04 2.864714227115398899e+04 3.558124953336374165e+04 1.735691695569962758e+04 1.288981745662309550e+04 7.816034153219538894e+03 8.770242813065269729e+03 1.265050103856765600e+04 1.472999240906376872e+04 1.440629826855372812e+04 1.879460703366393500e+04 1.424697397256131444e+04 1.146243181004163489e+04 1.528305460736903478e+04 1.636147689632142283e+04 1.545636672021458617e+04 1.019562040841239650e+04 1.173620530166369645e+04 1.147557500749802421e+04 8.041704858033399432e+03 8.431583284017731785e+03 9.834088698367160760e+03 8.075174466250352452e+03 6.194811180409778899e+03 7.694139498855807688e+03 4.137838211670402416e+03 9.017601875916299832e+03 2.641342447352074487e+03 7.484371102513045116e+03 8.612426319905051059e+03 3.888542491625746152e+03 5.411850249429075120e+03 7.616044271933064010e+03 5.633554968979909972e+03 2.991043351390378120e+03 2.424421604010158262e+04 3.162808464408426080e+05 3.244824002689383342e+05 -5.891213509093648754e+05 4.171689294199459837e+05 3.690967813536169706e+05 -2.731281855250945227e+04 -3.388734232844864164e+04 3.093084526554281183e+03 1.889268218061206280e+05 6.781903262728445698e+05 5.871639171153251082e+05 6.826808128870921209e+05 3.572442094940422103e+05 8.435542270740393724e+04 2.781097450955430395e+04 2.392774083624291961e+04 2.938791496456083769e+04 5.208872150836954097e+04 9.436243633937046980e+04 6.334741298853867193e+04 7.059889386529751937e+04 8.168756837290737894e+04 7.978123273780039744e+04 7.962058010507503059e+04 3.484233235611912824e+04 1.878712270188636103e+04 4.916395383429962385e+04 4.261225944606947451e+04 3.152874087674780822e+04 3.595974768078049237e+04 1.250979694967844989e+04 3.180159267602331965e+03 1.270634877574767779e+04 2.566147387600857837e+04 1.445489435326084276e+04 1.968896476535876354e+04 2.518552274134760864e+03 3.702038176886661404e+03 5.262961693918632591e+03 1.928145750904856641e+03 1.306416009879211379e+04 2.312797741279142792e+04 3.895438925978999123e+03 6.489774827531186020e+03 1.598499095482954363e+04 1.226156734704180053e+04 5.358288326187962411e+03 4.834828690008807826e+03 -3.659152924525275012e+03 6.484411002608757371e+03 7.622094451434085386e+03 9.392885414058828246e+03 7.938088717587183964e+03 6.890819009550432384e+03 4.859107461139611587e+03 -2.045340658197580751e+03 -2.643964014325092649e+03 1.847922272340310883e+02 -4.404211109512773874e+03
1.783144747282527154e+06 1.429804173032237217e+06 5.547746868502327561e+04 7.022019765601695690e+04 -1.441660148608497984e+05 2.322573662637211237e+04 9.916640814801400120e+04 7.107375174595169665e+04 1.095853292855943582e+05 9.890434847910318058e+04 2.483016871350559813e+05 5.982358384234326659e+05 1.438669791749919765e+06 4.538744629601988127e+05 1.229893406348093267e+05 8.492171340699408029e+04 7.189323808012031077e+04 4.158561709490391513e+04 5.600063629416964977e+04 3.078972649870196256e+04 3.534382411732502806e+04 3.660538664191998396e+04 1.596688523896387778e+04 3.719160034622957755e+04 3.671415855952924903e+04 2.090639685064287551e+04 6.294747333290547431e+03 1.372394834154332057e+04 1.360743911325603221e+04 2.042441650330226184e+04 1.053556685487385766e+04 1.537955439266756366e+04 1.827447208438002417e+04 1.635121559793529923e+04 1.097612518927377823e+04 9.424072136321306971e+03 8.968627455462550643e+03 6.749065023730812754e+03 1.282657544302259885e+04 1.132091497604535834e+04 1.085684357071743943e+04 1.121417357900990646e+04 8.019565888517890926e+03 1.095554357339819580e+04 7.718419048634801584e+03 6.570678066541151566e+03 6.169643632685693774e+03 7.622341943603802065e+03 2.796866704759485856e+03 3.261851616420132359e+03 5.208167601476108757e+03 5.679726507823249449e+03 4.932133997266038932e+03 7.072136231886842324e+03 3.488065447734543341e+03 4.369640573855378534e+03 2.174669205702973159e+03 1.449789749917807967e+03 1.487612237390786504e+03 -8.011126177862342956e+02 -2.965209154142462183e+06 1.587657313837180613e+06 8.841218609066176577e+04 -1.204162580074753379e+06 -6.469294736169668613e+05 -5.961885649869420740e+04 -2.738536077508494491e+05 -1.650725611811349227e+05 8.566733751947282144e+03 1.287509733199462935e+05 1.473558190792227688e+05 4.311304898495981470e+05 3.772592283794920077e+05 5.775423514034964610e+05 2.327379782086957130e+05 5.177231977355377603e+04 4.503619272151574842e+04 5.661101332183485647e+04 8.382559726641917223e+03 3.933205357606734469e+04 9.370561597460653866e+04 5.154988515224971343e+04 4.444205987101378560e+04 5.228100536851309153e+04 6.142513968769249914e+04 2.669911706339328521e+04 3.713739855365330641e+03 3.642553461373701430e+04 2.372684371819754597e+04 1.010294435750533376e+04 2.220076991162134436e+04 1.909908349689855095e+04 1.086082637705268826e+04 2.055067391097013387e+04 5.152875115535641271e+03 2.059534204762988338e+03 1.799203993439927581e+04 -4.651932786074909927e+03 9.844744248234263068e+03 1.041561019127487089e+04 1.156113065397242735e+03 1.068243571793918818e+04 1.210544183889612214e+04 -7.112633589030851056e+01 2.441794822937741174e+03 6.172921535384012941e+02 4.081590197837054802e+03 -7.243804911410435125e+03 -2.515224276786808332e+03 -7.532943784453634180e+03 5.833315988267312378e+02 4.597177819047814410e+03 3.555842283911953928e+03 5.295004385347438074e+03 3.102062348976993235e+03 -1.883927841986876047e+03 2.073813859077906727e+03 7.912046586463618951e+03 2.039264375702617599e+03 2.983070582045638730e+03
