5.032816828629322052e+08 8.857621754549367726e+07 5.781024668684187345e+06 2.623955439515985083e+06 2.796114729196886066e+06 2.629509365816650447e+06 -8.242283910997867351e+05 8.304136035634523723e+05 2.110655098867743276e+06 1.475971652795237722e+06 5.539194376263291342e+05 1.585063575929029321e+05 -5.217673915708520508e+04 6.133639916219005681e+04 1.451189779603581992e+05 1.247653773644387547e+05 -2.562426750660664693e+05 -1.047729699877823150e+05 4.676029290761854645e+04 1.066353657110873610e+05 1.057024755129621626e+05 2.280250337040980594e+04 2.329930289379715978e+05 1.028500096595195500e+05 -3.041554574758573654e+04 -1.353767664822781626e+04 1.905278851843630400e+04 1.830382752137678035e+05 6.155550030348137079e+04 -5.803407774250151851e+04 -4.345270763193420862e+04 -1.559745281650886755e+05 -5.006923934796643880e+04 -2.140573148597914255e+01 -4.872291408579732524e+04 -1.173998043594616465e+05 -3.138086449178625116e+04 -3.779856745044620038e+04 -8.917806933002268488e+04 -3.891432118876002642e+04 -2.455666002426968407e+04 -5.629118406523654812e+03 -3.289298801286594244e+04 -1.772884671844688273e+04 -4.313942060501981905e+04 -6.105578925958772743e+04 -6.627398787134278973e+04 -4.348624232699535060e+04 -6.327000155417541464e+03 2.345578512520219738e+04 -1.838464715815080854e+04 -3.115315445798946530e+04 -1.302507625194600769e+04 2.228297005934748449e+04 1.896364796861003470e+03 -2.107743031125101334e+04 -1.256056784069263631e+04 -2.531968150982532825e+04 -3.052769076537271394e+04 -3.078449190378785261e+03 6.246621021654933691e+06 1.807397143475482464e+08 4.037306137358883768e+07 1.026904745091761090e+07 9.619827232020795345e+06 2.283920868170569185e+06 5.042074274418983608e+06 -5.765358779008561978e+05 -6.893159127558366163e+05 3.944333320526233292e+05 2.649669432301307097e+05 -3.566420149701255141e+05 -6.869508583966904553e+05 -2.309593013045521802e+05 7.571047455751977395e+05 -4.455225418781199551e+04 -2.283338656020004128e+05 -4.251552171410812880e+05 6.048732724056013103e+04 1.119693973397657683e+05 5.768459907354118332e+04 6.734793013686333143e+04 1.224475401013536248e+04 2.307113640797800617e+05 -1.181792278743427596e+05 9.634313344218026032e+04 2.961475223207633826e+04 -4.138609045078990312e+04 -2.902411760691749514e+05 1.431539952391754377e+04 3.005875174223424983e+05 5.826980094067817117e+04 -2.873973122386169052e+04 3.360094560533661570e+04 -7.122317452851797862e+04 3.211108938182620113e+04 6.418111000677806260e+03 -1.675829125015801692e+05 -1.421837778746954282e+05 -1.344051707308713521e+05 -7.539909962400932272e+04 -1.563640775312805199e+05 -8.374700505177154264e+04 -7.418812369304730964e+04 -5.127931112664163084e+04 -2.494064172256563688e+04 -3.582569133692527248e+04 -7.271277342942457472e+04 -1.077280551917423727e+05 -1.760034002950014838e+05 -1.091209547452341940e+05 -7.332966706232275465e+04 4.953569913510132210e+03 -1.099857693200615613e+05 -8.886352860717485601e+04 -3.294004668366769329e+04 -4.219805795441187365e+04 -3.048842457676849517e+04 -2.786763383386455462e+04 -7.294973251262627309e+04
8.857621754549367726e+07 1.359529570037311912e+08 3.489282079807235301e+07 5.744951853542180732e+06 6.536509104828538839e+05 2.978959421750667389e+05 1.153190754317487881e+05 1.371173411831552221e+05 2.232781552750065457e+05 3.765936759423087933e+05 1.607974147544898151e+05 1.825839048636579246e+05 8.392419853972473356e+04 7.989681205968804716e+04 1.710956080738641685e+04 1.160624393194574659e+05 4.204045109737468010e+04 6.752362095416014199e+04 1.347599177288641804e+05 4.187259048107577109e+04 2.786827794289202211e+04 2.146809484396675907e+04 4.027417561787361046e+04 -7.190196085059095640e+04 -8.235353511151557905e+04 -3.416760792524215503e+04 1.369785783483437444e+04 1.571135846049597421e+04 -2.103968624032242587e+04 -1.040085090352185398e+04 2.722652670628110354e+04 2.563698906869141865e+04 -1.319025226210749679e+04 -2.096059432533471863e+03 -2.398063019260667716e+04 -1.278826970834525127e+03 4.556394090631988365e+04 2.012344934167720567e+04 4.136651688267827012e+03 1.095829620089049604e+04 2.095899479869264269e+03 -2.693577848880458987e+04 -1.205503399391165112e+04 1.303362118284660028e+04 2.936366862233613574e+03 -1.303043635386012647e+04 -6.319168207350836383e+03 -2.476340686067577553e+04 -2.066274032609907465e+02 -8.852625742651089240e+03 -1.909063810528123668e+03 1.749972699978345918e+04 -7.140401432074908371e+03 1.744221770898873001e+04 -7.874656023545408971e+03 -2.226128159789834172e+04 -1.016726013427856378e+04 -1.112276140273999954e+04 -3.364613549700011208e+04 -2.957299185004813353e+03 -1.863074105108785629e+07 1.783719472981779650e+07 6.492817880706655979e+07 1.571542568000453152e+07 4.724143847858569585e+06 -1.191951204671751708e+06 -2.212607226634642284e+05 3.329506323631120613e+05 -5.165905648471674067e+05 -2.862843179184458568e+05 -2.956873665144837578e+05 2.786191861467105919e+05 3.862828378885792335e+05 6.519214756813978602e+04 4.541373282917544129e+05 -8.508715988098278467e+04 -2.063810592376074783e+04 1.700982993570937833e+05 2.510333995348258468e+05 1.449867612744196085e+05 3.922345084814538859e+04 -8.231534221798967337e+03 -3.152405556520834216e+04 -6.991374193687058869e+04 -2.217830161747903621e+05 -1.662054787534360657e+05 -2.124890641350712394e+05 -4.344939146261108544e+04 -1.593977939931958099e+05 -7.153969110402341175e+04 5.668043897066890349e+04 -2.369357575323851052e+04 -1.524994748437297631e+03 -3.856185292857651075e+04 -1.037706586688430543e+05 -5.740553716322297259e+04 -7.535245051788158889e+04 -8.126348281344522547e+04 -5.333458228004926059e+04 -6.061321020245912950e+04 -5.331766051078907913e+04 8.073901383657566839e+03 1.083724642353698073e+04 1.537314890249303789e+04 5.793506503868704385e+03 -8.978343962434306377e+03 -2.213007044888634846e+04 -2.691991209493349379e+04 -6.575292313861766888e+04 -8.740375485428159300e+04 -9.316209562038880540e+04 -4.238530689714004257e+04 -7.164354257184169001e+03 -3.870079033667733165e+04 -2.398765084401685090e+04 -1.804104477049275738e+04 -1.475046261431264429e+04 -1.647068522576906253e+04 -3.278790701164693746e+04 -3.641433943394835660e+04
5.781024668684187345e+06 3.489282079807235301e+07 6.300287412311694026e+07 1.719578123847734556e+07 2.964146572265469469e+06 1.952742567089119984e+05 2.700260868907289114e+04 6.982972786296459162e+03 1.391058680035810394e+05 1.155644248396056500e+05 -4.080007360949645226e+04 1.143607856919483493e+04 9.363864795411667728e+04 -6.886781430459594412e+04 1.029931120652443933e+05 9.942255125662233331e+04 2.111940714713277339e+04 4.427696353005670244e+04 5.592431890448483318e+04 4.444405533383603324e+04 -5.607905399608126754e+04 -8.383783283007069258e+03 2.825223080455587478e+04 -1.339535069419634237e+04 6.439639626719214721e+04 1.639373897528133966e+04 4.588921321320746210e+04 5.690921047091499531e+03 -2.250533737818882855e+03 2.202461436137269993e+04 4.700068134893762908e+04 3.923669252346053690e+04 3.104444366121455823e+04 2.611171478544127694e+03 5.935877863025252736e+03 3.002498866654710218e+04 1.434562197368166198e+04 4.719910275006925986e+03 -1.421605505657396498e+04 -1.509334478928755743e+04 -2.753309088876989699e+04 -3.673433266704226116e+04 -1.310579986348527564e+04 4.794837761354432587e+03 1.448044354406940147e+04 -2.291250211974548165e+03 -3.005847954451062833e+04 -2.736390445460254705e+04 -7.892487420325500352e+03 -2.343823908842555102e+04 -1.025553182503111384e+04 -2.672374869407666665e+03 -3.469153470967758039e+03 -1.889185146082723440e+04 -2.204235013243665526e+04 -2.867400224938692918e+04 -1.721472690016256820e+04 -2.035640697587329123e+04 -2.507074080227284867e+04 -8.297335951621196728e+03 1.892714749415091472e+06 1.257167093524641590e+06 1.039833252713658847e+07 2.998858052766989917e+07 8.651912180396851152e+06 -4.464385006432006485e+05 -4.549434970688287867e+05 1.067939421134982113e+05 3.271359817654246581e+05 1.823316598028242297e+05 -2.041251111056396039e+05 1.185494770149545189e+02 -4.920559420173375838e+04 8.295752752295913524e+04 2.756565473948118743e+05 -1.811474549794102204e+05 7.921081726133481425e+04 1.849397482772724761e+05 3.029725941804121248e+05 9.116842277476443269e+04 4.466578090356213215e+04 9.174446408271740074e+04 9.198434600036381744e+04 5.433958740899705299e+04 -5.949854564610428497e+04 7.419893000842406764e+03 -7.708040262553303910e+04 2.664184972777984513e+03 3.217159333870959381e+04 5.535690631374715304e+04 1.664740683936377172e+04 1.691506487824040960e+03 1.086776726840311494e+04 -5.868054361315895949e+04 -2.998496512238990181e+04 -5.319204777754168754e+04 -2.883058637316747627e+04 -2.662953301916718556e+04 -7.204405747374452767e+04 -1.572955301439564937e+04 9.291380617291502858e+03 2.589282053975292729e+04 1.593234710090415865e+04 4.984687660167612194e+03 -3.157127655598721958e+03 -2.058096517185846824e+04 -2.278310637860778297e+04 -4.883988497343976633e+04 -5.140129760777250340e+04 -2.581110010999388032e+04 -2.846119344104497941e+04 -2.280082301134779482e+04 -1.121910581459913737e+04 -8.327079644025214293e+03 -3.700448976702011714e+04 -4.397677249968340038e+04 -1.987583787990738347e+04 -4.934985772472145072e+03 -1.935690052066131830e+04 -2.091666136745774929e+04
2.623955439515985083e+06 5.744951853542180732e+06 1.719578123847734556e+07 3.211763098379589617e+07 9.047932628302389756e+06 1.209434679631977575e+06 3.835668854210124118e+05 2.188765477539262502e+05 5.832596582748040237e+04 6.760166317617693858e+04 1.581918337722683827e+04 1.562760312688907434e+05 -8.067409950776814367e+04 -8.851402562376529386e+04 1.996184509150196754e+04 1.001427437527491420e+05 4.314627835157094523e+04 -4.513022264665824332e+04 8.009855792003734678e+04 8.432186424921742582e+04 3.642752993651171710e+04 2.318735484485969573e+04 2.289226082746585598e+04 2.408932561806602826e+04 2.991525381357600054e+04 3.357157349891104968e+04 3.213951514985928225e+04 -8.679563320594512334e+03 4.504040946195437573e+04 3.886033565321522474e+04 4.682823000025764486e+04 1.736438040775481932e+04 7.677906924449129292e+03 4.841888518077052140e+03 1.506801009788688316e+04 1.598047501767510039e+04 2.738962460113421184e+04 1.325924319627514342e+04 -1.378410124404183762e+03 1.604115279513308906e+03 -9.476737097195198658e+03 -1.803619205785547456e+04 -8.673606404819947784e+03 6.108486679388686753e+03 -2.861484211249293821e+03 -1.729657927872930486e+03 -1.139830730112341371e+04 -3.802665859439988708e+03 7.365191659415571849e+03 -1.305898883848242258e+04 -4.074817306769843981e+03 2.982737312595861567e+03 1.041511507252812265e+02 -6.259944632687481317e+03 -3.175004797053194125e+03 -1.229911798028435442e+04 4.944803967385662872e+03 -6.700806757823745102e+03 -1.466294986839651392e+04 -4.774946125697879324e+03 1.465264284694126807e+06 6.166713173547467217e+06 1.093400696899290942e+07 6.353836758304896764e+06 1.686385110406378284e+07 5.052391800864746794e+06 6.059779876429005526e+05 4.531680857844162965e+05 5.429402500224462710e+05 5.415981777776657837e+05 2.368393243957552477e+05 9.135481812354766589e+04 -9.956496392622325220e+04 -1.425531780315444048e+05 1.025182718755439564e+05 2.202937995162882089e+03 3.322978706572924420e+04 2.785274327490737778e+04 4.860492708430669154e+04 4.161557932929710660e+04 4.981568224320204899e+04 -2.692114129419605160e+04 -5.423573968883775706e+03 -3.176530620557555085e+04 -1.184607489808609171e+04 7.611490679677071057e+03 -2.199094542206658662e+04 6.632881893624905206e+04 5.663563298327756456e+03 3.111548563147419190e+04 2.802861361079590642e+04 4.066321967782486900e+04 3.015317431080503593e+04 1.510748211782710314e+04 5.925321389372737758e+04 4.328580024479445274e+04 1.328524231600770145e+04 5.161809079918508360e+04 4.600511160342404037e+04 3.041407913881675995e+04 2.023839999421525135e+04 2.006806519205221775e+04 -1.287054359605990248e+04 -1.497888607017640607e+04 3.032039901369664221e+04 1.125059057980399848e+04 4.410605796485956489e+03 -1.418622064441342627e+04 -7.977381687376123409e+03 1.432509315435533426e+04 -4.620699836490493908e+02 2.877549550596648260e+04 1.873558446431591074e+04 6.342281805711056677e+02 -1.681117983153658497e+04 -2.117629296520343996e+04 -2.583810583745374242e+04 -9.931150353426219226e+03 -2.901315581312445602e+02 -6.523437317004859324e+03
2.796114729196886066e+06 6.536509104828538839e+05 2.964146572265469469e+06 9.047932628302389756e+06 1.708524196169370785e+07 4.578641818771446124e+06 8.976050011743970681e+05 1.429904162574822258e+05 3.878804788341813255e+05 3.124109984165917267e+05 1.799439990151920065e+05 8.416228553954284871e+04 -1.177016317148433882e+04 -7.139144734805510961e+04 3.430487246640823287e+04 2.800609487838202404e+04 4.732358650460034551e+04 -2.388162525316264873e+04 3.033351812146871816e+04 4.185029094729921053e+04 5.263113073956019798e+04 2.797773166801730622e+04 2.045597185354114117e+04 -2.932491342492081117e+02 3.180029642866168797e+04 1.776126654543288339e+02 1.413838322893110308e+04 1.807229593320139975e+04 3.068227236873567563e+03 2.122961105153116659e+04 1.933090104352515118e+04 1.968066520475421567e+04 1.025828729507772914e+04 2.143499672091405955e+04 1.075312958249929397e+04 1.041625847755601353e+04 2.139710709764650164e+04 2.602921464688224296e+04 7.484316371662901474e+03 7.637718395494353899e+03 -7.786364683589950801e+03 -4.382705233000070621e+03 -1.412704383246765246e+03 1.151834596468287236e+04 6.395462849462730446e+03 7.077005898465819882e+03 3.718197784880550444e+03 6.427788359352570296e+03 -2.510558826074719036e+03 4.364231227331978516e+03 1.070728946041121162e+03 -5.939658932417146389e+02 2.527349814113462799e+03 -1.183344248324272712e+03 -1.499595199672713989e+03 -5.450577626045053876e+03 -3.178760178289911892e+03 -5.020438834045903036e+02 -1.207755340684170505e+03 -2.223654216892475688e+03 5.310501536473890301e+05 4.204206772158805281e+06 4.995852776983646676e+06 8.867427226707093418e+06 5.930138404193958268e+06 8.773713079724302515e+06 2.265129184273811523e+06 1.026236051467669313e+06 6.434018671980658546e+05 6.455140776755575789e+05 3.634494138816609047e+05 3.912481224341815105e+05 2.560596526151702274e+05 9.465415105634502834e+04 1.387656367630843306e+05 1.438410945637311379e+05 1.236201253233217285e+05 9.216332347030407982e+04 1.065974163156435388e+05 -1.226091146408982968e+04 -5.459186231656489690e+04 -7.921221545049626911e+03 6.025570877390866372e+04 7.118856140082649654e+04 2.128505971296023927e+04 1.350432769219717557e+04 -4.891013361961619376e+04 2.653782618129963885e+04 6.150683716456983529e+04 1.294200715347000005e+04 4.537258055395273550e+04 3.426195243469490379e+04 1.184499591246123418e+04 1.921780327067580220e+04 6.037920374774040829e+04 1.565596219123855917e+04 2.135565456529366656e+03 -2.180425965775985787e+03 2.000166675742570078e+04 3.971448593566498857e+03 2.790056457584936652e+04 2.276090738535100172e+04 -3.240438556041308402e+03 -1.324235486598340003e+03 2.552515996752033607e+04 1.478227998042190848e+04 1.233312397765778769e+04 7.577624134060375809e+02 2.693383899700828351e+03 -2.082386100673495821e+04 -8.331426842249013134e+03 1.230124461475520184e+04 5.005233711076235522e+03 -5.074104190840161209e+03 -1.295845604358848868e+04 -1.498728994222436813e+04 -6.675983761626848718e+03 -5.580211150014330997e+03 -3.578581589510095000e+03 -8.620979581653780770e+03
2.629509365816650447e+06 2.978959421750667389e+05 1.952742567089119984e+05 1.209434679631977575e+06 4.578641818771446124e+06 9.883217439112275839e+06 2.942173071178067010e+06 2.682116111862995313e+05 1.311266511473924038e+05 1.519762348794520658e+05 1.911840085200130125e+05 7.915643196726907627e+04 4.911818184918809857e+04 2.762864308552094371e+04 6.900889930528987861e+02 -3.342053648709502158e+04 1.679353540594175502e+04 3.358078592389964615e+04 2.065216373824930633e+04 2.598338673568316517e+04 3.616570494187141594e+04 2.352040354329806723e+04 4.575453097543570038e+04 2.121448708205759249e+04 2.056640693126189581e+04 1.337838795275272787e+04 2.533620084307498473e+04 2.301872001050350082e+04 1.812194699364461121e+04 1.551344839298014267e+04 2.884155826901794717e+04 1.011132920369343083e+04 -5.519612763897615878e+03 -2.687376145958452526e+03 8.679539402105681802e+03 2.941731597069395320e+03 1.219277043235682686e+04 1.349338392984765051e+04 9.394742690622155123e+02 5.055188703143848272e+01 -5.275457356244527546e+03 -4.308375069257350333e+03 -8.743482023125453395e+01 8.904228338892457032e+03 7.227186566455403408e+03 5.813164007691731058e+03 7.689557568029688809e+03 3.246328289459167536e+03 -2.077961526973632317e+03 -6.348899263454294442e+02 2.543088541948873456e+02 2.716738658044363547e+03 6.008954981299048995e+03 -7.352488333580780591e+02 1.343066012020662811e+03 9.989800421845224037e+02 1.707727642125135390e+03 2.770066272927929276e+03 6.993705467023226447e+03 3.019222880984257699e+03 -1.000484408947781776e+06 3.196803477470340207e+06 1.068129004791527521e+06 2.430905416198325809e+06 4.540119415864540264e+06 2.422065896553398576e+06 4.063923950966265984e+06 1.253824838585355552e+06 8.233754440976018668e+04 2.275852280603542167e+05 3.850327510665836162e+05 2.988999129365125555e+05 1.455430135876505810e+05 -3.634990755541319231e+04 3.433451372175440611e+03 1.173491229736438108e+05 1.005385478415335383e+05 -4.448195995231384586e+04 -5.339624247802152240e+04 -7.188025434672931442e+04 -3.128287429690441786e+04 8.220910493295783454e+03 5.083729015990395419e+04 7.843877268380881287e+04 4.697130706773893326e+04 2.029279596774686070e+04 -4.159026450453239704e+03 1.461529792222579999e+04 8.740410283403202811e+02 1.650319871338735902e+04 1.839169799479788344e+04 7.908018467016647264e+03 -4.536691543412253850e+03 2.172989454795483471e+04 1.516612684930267278e+04 1.158434272810495486e+03 3.593030198600779840e+03 2.164776743468009045e+03 8.256519631345132439e+03 -9.234859607769301874e+03 5.679406804065536562e+03 -2.329094790284144437e+03 5.069481796031589056e+02 1.471499205893443104e+04 1.364126974722307568e+04 1.544982845850684498e+04 1.513442135351046636e+04 9.008616227731923573e+03 6.331293426895455013e+03 -1.582589696503373261e+03 -8.903236366350068920e+02 -8.465980287701752331e+02 -8.432271744836909420e+03 -9.926843276646974118e+03 -7.008944467928675977e+02 -8.289536809451508816e+03 -1.502089638807131450e+04 -5.256149376058633607e+03 -7.038741404017778223e+03 6.681195558025849550e+02
-8.242283910997867351e+05 1.153190754317487881e+05 2.700260868907289114e+04 3.835668854210124118e+05 8.976050011743970681e+05 2.942173071178067010e+06 5.614225527356039733e+06 1.542253610099530080e+06 2.616538119903946645e+05 1.258026345008623612e+05 1.285316776508708572e+05 1.388873300863366458e+05 9.862899382537159545e+04 6.012635198965868040e+04 4.009459592564873219e+03 -1.955987595611618235e+04 3.495324299011175026e+04 6.490500929553070455e+04 3.731358183433125669e+04 6.153416392906769761e+04 3.361788379540124879e+04 2.707488775147084380e+04 4.173718345876216335e+04 1.639061531147732603e+04 1.647081702948184102e+04 1.210312096928134270e+04 2.644033476159262500e+04 3.272364390099486627e+04 1.327459988707610137e+04 2.452290348051990441e+04 2.444058583063140759e+04 1.758126484391921986e+04 9.941996552490578324e+03 -4.922933880960817078e+03 5.450424372997675164e+03 1.137155913402429178e+04 1.226097220072162054e+04 9.654825824146022569e+03 1.310400241453239141e+04 9.555611656186405526e+03 1.488810614533441594e+03 2.736707216419011274e+03 6.350785195649409616e+03 7.531140244876602083e+03 8.752401095754528797e+03 4.303848173972505720e+03 6.132064961366021635e+03 4.599173924157214060e+03 2.931140104689070995e+03 4.450897914106330973e+03 3.769276865277556226e+03 3.666663866947345468e+03 4.240295103732561074e+03 -2.502073392842658905e+03 2.554239202567257053e+03 -7.796381522577360101e+02 3.368277334880629041e+03 8.620843194707131261e+02 4.927593743132970303e+03 -8.715011721647958609e+01 2.165406759996739129e+04 7.776882782851420343e+05 9.611470740525044966e+05 -2.617247629146879772e+05 9.923333541629455285e+05 3.214320116370482836e+06 1.275714629888749681e+06 2.395620536363704130e+06 7.690346160012900364e+05 3.763346454842772800e+05 2.632478872461668216e+05 2.218233887221855402e+05 1.660939870400007057e+05 2.568495519109657835e+04 7.183243944079862558e+04 1.472313629457750358e+05 9.090953540976395016e+04 -7.553365440010526800e+04 4.358639173200869118e+04 7.142489246874724631e+04 4.132059361179123516e+04 2.956662216445409649e+04 4.518864302237958327e+04 4.868495864762389829e+04 5.819348047812663935e+03 1.653833499567872877e+03 -3.542738521540592842e+02 3.867059592505066121e+03 2.228333733533784107e+04 2.230470373530959114e+04 2.942183903014380121e+04 1.745042104315929100e+04 2.228105776029440221e+03 2.584912044484269791e+04 1.260783725175877225e+04 4.152863437596111908e+03 1.438461810481106477e+04 3.731588377649785343e+03 -5.695290203709976595e+03 -1.295604160859356489e+04 -6.365528333025576103e+03 -6.253159422158407779e+02 1.874903419398562846e+03 1.118174487065183348e+04 1.516915824555062864e+04 1.022587916078639682e+04 5.364274401600985584e+03 -8.151962034724321711e+03 7.027317935139270958e+03 1.518039930614754849e+04 5.825992239870048252e+03 -2.759783162650914619e+03 -4.575642385323589224e+03 -2.661096572859396019e+03 -6.560180374960183144e+03 1.701945397013259253e+03 -7.706768842410825528e+03 1.524922797108104078e+03 -6.301998427277281962e+02 2.779066340396686883e+03
8.304136035634523723e+05 1.371173411831552221e+05 6.982972786296459162e+03 2.188765477539262502e+05 1.429904162574822258e+05 2.682116111862995313e+05 1.542253610099530080e+06 3.429168905036347918e+06 1.023628927236348856e+06 1.568680314205198956e+05 3.636124147013326001e+04 7.194645909370528534e+04 6.730045129287624150e+04 7.451205606579736923e+04 3.814091151178964355e+04 1.308237477806753668e+04 1.312220455951031909e+04 1.128019935160611749e+04 1.779327527395943616e+04 9.497592219976259003e+03 3.238391185275041062e+04 2.358178230716444523e+04 3.065051913442347359e+04 -2.020507997893515494e+03 1.279021583532178011e+04 2.462993282034625736e+04 1.994941389937389977e+04 9.864997233503327152e+03 1.326311828676415098e+04 1.444939926442160322e+04 1.396676152423806525e+04 1.279786227112758570e+04 7.908532484841074620e+03 2.462268811234934674e+03 8.521156185486277536e+03 7.376168596705444543e+03 4.467521970739607241e+03 1.497051878765621495e+03 1.687799262960777469e+03 6.008167350229029580e+03 4.355431484476524929e+03 6.845897318455152345e+03 3.374288662749497689e+03 8.690722371751893661e+03 6.019490323676544904e+03 5.512008001652611711e+03 6.568865471009141402e+03 4.703665598317831353e+01 3.914819241825198333e+02 3.169865845375462868e+03 3.344418305605343903e+03 -6.985236139988306832e+02 -2.035360101634731222e+02 -1.403769125453998868e+03 3.132445120661197507e+03 3.680522298066550320e+03 1.004904959403872567e+03 -8.371502886341721705e+02 2.111781549905656448e+03 -9.200621824857332740e+02 8.146013044730530819e+05 1.898168508434443735e+06 -2.433331393246408697e+04 -3.279471918277016375e+05 1.970149876239219739e+05 7.504408582107170951e+05 1.482067330977006583e+06 9.163531103975442238e+05 1.470353779184923740e+06 5.160712744962481665e+05 1.562419458918347082e+05 6.320756928506967961e+04 1.531406119531240547e+05 1.544764951656303892e+05 2.794739264359020308e+04 -1.735417600776450854e+04 2.774136824332654578e+04 2.447566412341216346e+04 5.380866555439618242e+04 7.015683187598318909e+04 1.318153795924026053e+04 2.229178422289225637e+04 8.035936723491656267e+03 6.358592869284597691e+04 2.740688474297052380e+04 1.611564354162509335e+04 3.136527415853683488e+04 2.530217568800717709e+04 3.371933371129332954e+04 2.695173340267800450e+04 2.192904057970219583e+04 2.131382007054972564e+04 1.426375939869272042e+04 2.285709742963717144e+04 1.149118469900087075e+04 1.339488881718026823e+04 1.078103613205651527e+04 8.000282076204823170e+03 5.020600611919807079e+02 -7.770312667645343026e+03 -5.868327800432582990e+03 8.560425060654789604e+02 9.691184131869096746e+03 6.897515655377982512e+03 8.858014876722289046e+03 8.347320103618381836e+03 4.001357183932139833e+03 -6.459194388275917845e+03 -4.392701150263070303e+03 1.648773068194595453e+03 5.381477692605992161e+03 3.636413489247539019e+03 -1.412405182453983343e+02 1.491985285953116318e+03 3.764485489395608511e+02 1.025085100822376808e+04 4.849205902530814456e+03 8.015901506106708439e+03 4.525440284731693282e+03 1.520887667122783114e+03
2.110655098867743276e+06 2.232781552750065457e+05 1.391058680035810394e+05 5.832596582748040237e+04 3.878804788341813255e+05 1.311266511473924038e+05 2.616538119903946645e+05 1.023628927236348856e+06 2.143591931022325996e+06 7.664380178523289505e+05 1.797995707370686287e+05 5.625160049168983824e+04 4.767715014155993413e+04 6.622889103700866690e+04 4.718952826025710237e+04 1.028666525121230552e+04 1.837400991557384259e+03 2.993402088217768687e+04 1.752001501252776870e+04 2.598874194161934793e+04 3.469790773156748037e+04 1.386483050441498563e+04 2.321938641740957610e+04 5.218947876112534686e+03 1.534840470672234551e+04 2.480901812361005068e+04 1.191687710006175075e+04 2.029932363667257960e+04 1.499385933264158848e+04 7.855076263924974228e+03 1.223825921570895389e+03 9.679235135834935136e+03 9.251998057867818716e+03 7.733097771052173812e+03 8.704903152532588138e+03 3.918016998964971208e+03 6.410888504225114957e+03 1.198736811453323753e+04 5.810134118058893364e+03 3.704457059265191674e+03 4.965366053204022137e+03 2.758329226906621898e+03 5.931256904135063451e+03 1.023929364417035140e+04 7.321083173359987086e+03 2.008967699177526356e+03 6.119950044632529170e+03 3.812619224614392351e+03 5.237601602560475840e+03 3.169569533182589112e+03 2.864421225236830651e+03 1.471770621413369327e+03 4.034797059741145517e+02 1.602345684845850883e+03 3.989678097835118479e+03 5.050630339902241758e+03 3.377288950736593506e+03 1.460085326832085684e+03 -1.792571969634866491e+03 -1.341418692690462819e+02 -3.600275047605292639e+05 2.531324375484666321e+06 8.282230059475370217e+05 3.419400243490383727e+05 3.852737890853585559e+05 2.144720866790916261e+04 9.170484503809388843e+04 9.354561831946040038e+05 4.868617250648842892e+05 9.051586119285584427e+05 2.637487661713128909e+05 9.368110607158741914e+04 1.398427304844581813e+05 9.096120031127448601e+04 3.127665131266201206e+04 -7.039636790244025178e+04 -3.844143253594110865e+04 -1.293653415700691039e+04 2.507137296178631368e+04 4.708769303577590472e+04 7.448135650011198777e+03 1.528541360320442618e+04 1.019577850120373296e+04 7.264639961314437096e+04 4.931978606164957455e+04 1.106287063643230067e+04 1.953655336250658729e+04 5.333234964117897107e+03 2.303424614163523529e+03 7.207861473742404996e+03 1.459610838404643619e+04 1.719734000337764883e+04 1.265763438221567958e+04 4.321485365515786725e+03 7.242137501345556529e+02 8.369585915243991622e+03 1.114769508432952716e+04 9.107081412545678177e+03 6.595009792333959922e+03 2.291061483030169256e+03 -1.830342701384562361e+03 9.149419131331796962e+03 9.257353360896488084e+03 6.379184037331102445e+03 6.002073599325291980e+03 8.515724942373646627e+03 3.485657010799393902e+03 4.031194677751879226e+03 -1.158509567627699653e+03 -1.583785534707505349e+03 4.583738295546268091e+03 2.329072172469347151e+03 -6.246554605172343599e+02 -6.132798814008056070e+02 -1.655922074691399757e+03 -9.324489808627475895e+02 6.696891028236153716e+02 5.146238598674885907e+03 5.557325596611466608e+03 1.359795858254914037e+03
1.475971652795237722e+06 3.765936759423087933e+05 1.155644248396056500e+05 6.760166317617693858e+04 3.124109984165917267e+05 1.519762348794520658e+05 1.258026345008623612e+05 1.568680314205198956e+05 7.664380178523289505e+05 1.530044122617983492e+06 4.813054272099328809e+05 8.381072667754432769e+04 3.937720655637911113e+04 4.568375122103978356e+04 4.178796551377529249e+04 2.184702719303679987e+04 8.765396247898019283e+03 2.326098140099976445e+04 3.056435456593459094e+04 1.708227415119135912e+04 2.079224342968261408e+04 1.617207211423736589e+04 2.403136279234938775e+04 1.201298693690832260e+04 9.558926398980640442e+03 1.801985701075287579e+04 1.173911550095745406e+04 1.450146700018772390e+04 7.159387540253470434e+03 9.780639981615042416e+03 4.411467738039752476e+03 3.023339828685685461e+03 9.472404173257431466e+03 9.982121347358774074e+03 8.762567279380893524e+03 8.739595657100222525e+03 8.705338762701809173e+03 9.375812941970798420e+03 8.984975847014808096e+03 6.603418004657693018e+03 4.445759720860235575e+03 4.113749755224301225e+03 7.550133751438703257e+03 5.140713648225183533e+03 4.662505816740924274e+03 9.373091258117082134e+02 4.716541976804247497e+03 2.908299335364025865e+03 1.967402551649136512e+03 1.552912985709519717e+03 3.000244911805486936e+03 2.245056534393936545e+03 2.764684470822187905e+03 5.274711020553130766e+03 2.532845247427525919e+03 3.855788321260977682e+03 2.144170788355038439e+03 -1.151215020044896164e+03 -6.666972196338878121e+02 -1.753917979639868747e+02 -5.549376684602721361e+05 8.067600880055513699e+05 2.232797022407167242e+05 2.813218350891291047e+05 -1.558056479416054208e+05 -2.854368851887022029e+05 -2.110875420362728764e+05 3.003763727095154463e+05 7.029234118733562063e+05 2.949410358207814861e+05 5.872835250493217027e+05 1.875796648560214962e+05 3.940247062988450489e+04 4.949901494715346416e+03 9.681055890766509719e+02 -3.235660810606895393e+04 -5.958775053803818764e+02 6.020545426146721184e+03 1.173994396278840941e+04 4.567078666183177120e+04 2.106491388531275516e+04 2.278683548263621196e+04 2.671267294135114935e+04 6.233519127774045046e+04 5.170914557504882396e+04 2.045374680536075539e+04 1.803074847125201632e+04 1.168116973872379094e+04 1.534277470547399025e+04 7.933926249972001642e+03 1.012922774465502516e+04 1.668008987271666410e+04 1.605241613073823646e+04 1.049936588636038687e+04 8.176832979362194237e+03 2.890435595550691232e+03 8.111266432374498436e+03 1.327026433675299631e+04 7.762265337069508860e+03 3.384597563853745669e+03 8.095738534640373473e+03 1.535814021085565946e+04 8.888473011813977791e+03 8.651989612765441052e+03 9.679170062855853757e+03 1.094002091336400554e+04 3.504824083766302465e+03 5.526461796532048538e+03 7.579094075802492625e+03 6.154889190976669852e+03 4.921736966906178168e+03 2.017721820527040336e+03 -1.754111013718949152e+03 -3.014159117568367492e+03 1.072199982896084066e+03 -1.708742809512324811e+03 1.086167223354562793e+03 7.547913848045572195e+03 3.018430052118539152e+03 9.547686795468247283e+02
5.539194376263291342e+05 1.607974147544898151e+05 -4.080007360949645226e+04 1.581918337722683827e+04 1.799439990151920065e+05 1.911840085200130125e+05 1.285316776508708572e+05 3.636124147013326001e+04 1.797995707370686287e+05 4.813054272099328809e+05 1.031231476158880745e+06 3.531062920180298970e+05 7.862339033410852426e+04 4.920402866268173966e+04 4.127000301046806999e+04 3.330159404392127180e+04 2.030416279461043086e+04 1.928962654962603483e+04 2.732575166313328373e+04 1.336341945328058137e+04 5.235563931642233911e+03 1.442432647585291124e+04 1.105313818119882853e+04 7.238536185111271152e+03 7.027509716392682094e+03 1.729631847091392410e+04 1.549082810453967249e+04 1.168239261634854483e+04 1.015065183695565429e+04 1.122063663097663084e+04 1.132761249642838629e+04 4.252629612988979716e+03 5.072746417796713104e+03 7.444482054002473888e+03 4.556211862199248571e+03 6.806437033518984208e+03 5.621512937913358655e+03 7.516907028476652158e+03 8.534793645651694533e+03 5.756896615749370540e+03 5.609302789997211221e+03 6.138120208982354598e+03 6.298714332427217414e+03 4.238237276891551119e+03 2.410362613458022679e+03 1.942581571462795182e+03 2.425960371771362134e+03 2.506091971366828602e+03 2.501438913176649748e+03 2.648343067391473141e+03 3.291666435696230110e+03 1.750526207343116312e+03 4.259812929844017162e+03 3.335266303725054058e+03 1.342961909768815303e+03 2.213051281227357322e+03 2.459083296829929168e+03 1.204475454517190201e+03 1.837049480910359080e+03 2.110691628188877985e+03 -3.422451950382697978e+05 6.709434832293019281e+04 -5.836615410788980080e+05 4.044986235141436919e+04 4.513737061547073972e+04 -7.178685441273072502e+04 1.384421306895835150e+05 2.358369038818467816e+05 3.118935510092403274e+05 5.488774724502034951e+05 1.828607855832533387e+05 4.166019638241828070e+05 1.500785800444455817e+05 4.833193808978450397e+04 4.451897462268356321e+04 2.580215611326514136e+03 1.530721679233678879e+04 1.401699154920902583e+04 1.670887555574259386e+04 2.462300950902020486e+04 -2.371976550202709404e+03 1.373668311727335549e+03 1.824496716960991034e+04 3.746438436113036732e+04 2.810286102145969926e+04 2.063127490032255446e+04 2.439625383173591399e+04 1.507471904476362579e+04 6.846119888975158574e+03 7.261379166332973909e+03 1.400532047791674268e+04 1.518323651937814066e+04 1.216279728388335752e+04 8.008629331593343522e+03 7.747539145777964222e+03 -3.289184169440239202e+03 6.656725489531517269e+03 1.165981767448410392e+04 7.064449393072920429e+03 1.082778216757408927e+03 8.166120867929093038e+03 1.184304621046115062e+04 7.457362534044079439e+03 1.700850822918796894e+03 1.016409073148031530e+04 6.474776395714329738e+03 3.283901692624622228e+02 3.992176685444102532e+03 7.379952987171910536e+03 6.044163361811711184e+03 3.386240948026861588e+03 3.305172952889094176e+03 -2.039015038870558783e+03 -2.375203778172402963e+03 2.540892936146632564e+03 6.025181429224318208e+02 2.308124304373689938e+03 3.507368306782517266e+03 2.102051260693944187e+03 1.544020923166539433e+03
1.585063575929029321e+05 1.825839048636579246e+05 1.143607856919483493e+04 1.562760312688907434e+05 8.416228553954284871e+04 7.915643196726907627e+04 1.388873300863366458e+05 7.194645909370528534e+04 5.625160049168983824e+04 8.381072667754432769e+04 3.531062920180298970e+05 7.876534068952752277e+05 2.398850458222129091e+05 7.642684700868431537e+04 3.785272616213551373e+04 2.227524350961792152e+04 2.317554558366477067e+04 1.420639700915867434e+04 2.131036222788533632e+04 6.081977177483876403e+03 3.296591786024619523e+03 2.072129084657130807e+04 1.103971077199309184e+04 6.305021379513657848e+03 1.098491601941935005e+04 1.472830865015192103e+04 9.586072515648274930e+03 1.537214301831860394e+04 1.266338598556575744e+04 9.392380034255606006e+03 7.334753607947606724e+03 7.984828851737169316e+03 5.331800791661037692e+03 5.915102897231873612e+03 4.421858723461617956e+03 6.671910406674135629e+03 5.173044929354367014e+03 8.688879031426056827e+03 7.734699080860519643e+03 8.951271853973517864e+03 4.503875198542927137e+03 4.537609106585658083e+03 2.767118064808200415e+03 1.741402715762467551e+03 2.576813918568755980e+03 1.113919553316752854e+03 3.162563283059920195e+03 3.484848298393496407e+03 3.360531828016272812e+03 2.305909501315659782e+03 3.699878362328851836e+03 2.676623040252290139e+03 2.977448117272537729e+03 1.945658619774128283e+03 2.376340726070747223e+03 1.208188016642620369e+03 1.432124132669059009e+03 1.921257014874466904e+03 2.727646191729534621e+03 2.352951511584647960e+03 -4.940529682152648456e+05 1.941772052845805592e+05 -2.533981761932092777e+05 -3.096459725224914728e+05 1.189598856041817344e+05 1.213720249416156148e+05 1.316101753325389291e+05 9.172695209516072646e+04 9.871005646250455175e+04 1.783825077747129253e+05 2.514765689861908904e+05 1.154728625981675723e+05 3.378294908932811231e+05 9.487558747682553076e+04 3.057721549783949740e+04 1.046727376860448567e+04 -1.554024126170910131e+04 5.775637203865723677e+03 7.334532215196997640e+03 2.940082303701424098e+04 7.493577109887886763e+03 3.553169691120622247e+02 -8.918221034517699763e+02 9.752356599756112701e+03 1.316456485519961279e+04 1.131580000733707493e+03 1.251303152191854861e+04 1.099411518284459635e+04 1.086085608301203683e+04 5.378753130680124741e+03 2.020636458710678926e+04 1.617261267878476247e+04 1.130278693138632480e+04 1.682153579323714439e+04 9.752695524679616938e+03 5.256817054514673146e+03 6.650695512807895284e+03 -1.120733396192258169e+03 2.415970649660674553e+03 5.421495454877291195e+03 7.367928984640607268e+03 1.990004008044932334e+03 3.727271553626894274e+03 1.953705023046649785e+03 3.493999852062946502e+03 6.476686248121924109e+03 4.351515233499089277e+02 1.942870890865403908e+03 4.986296456867566121e+03 7.122545588651528305e+03 2.183797380408822391e+03 8.738358089717916073e+02 -3.380140515830068580e+03 9.393131185259906033e+02 6.196560902101148258e+02 9.207807812838143491e+02 1.085174522037558518e+03 8.833242312872988578e+02 3.306240199941534229e+03 4.310657452893789923e+03
-5.217673915708520508e+04 8.392419853972473356e+04 9.363864795411667728e+04 -8.067409950776814367e+04 -1.177016317148433882e+04 4.911818184918809857e+04 9.862899382537159545e+04 6.730045129287624150e+04 4.767715014155993413e+04 3.937720655637911113e+04 7.862339033410852426e+04 2.398850458222129091e+05 5.598518129319949076e+05 1.884332886675660557e+05 5.210376298223170306e+04 2.726348731547046555e+04 3.092813372535045346e+04 1.672058294280925838e+04 2.245202625992878529e+04 1.842281802655296997e+04 1.290232090843152218e+04 1.475946128599275289e+04 1.297816216577614978e+04 1.312810806515629520e+04 1.202232916855111580e+04 1.123672345268979007e+04 4.787560276281630649e+03 1.297186257326263876e+04 1.356932575352717504e+04 9.704551547962142649e+03 4.943093153111324682e+03 7.428599586599761096e+03 9.044918299063741870e+03 6.370635087998748531e+03 5.237380707776784220e+03 5.211479269022067456e+03 5.652917422276514117e+03 3.968509375419469961e+03 5.931476717110286700e+03 5.415159518426245086e+03 3.703609051164049561e+03 4.981986776758269116e+03 4.242101391955560757e+03 2.672784344245316333e+03 4.496035396667028181e+03 4.807150510770191431e+03 5.779663473427828649e+03 3.495154456154736636e+03 2.686898578935241403e+03 2.177505794983849228e+03 3.580751147704910181e+03 2.983529271286764015e+03 2.280372108796650082e+03 1.420436572584321311e+03 1.220562441738390135e+03 2.418690726789520340e+03 1.755116731585690104e+03 1.963962757002701210e+03 2.121187067928809938e+03 2.544519730496213015e+03 1.164732951544292155e+05 3.098509683313758578e+05 -1.042229938756398333e+05 -1.976685675372074184e+05 -4.873194976404350018e+05 -1.473475640179501206e+05 8.521935060153123050e+04 7.554547059095924487e+04 4.712321546892736660e+04 3.486306601444263652e+04 5.692248405739856389e+04 2.116481974700770224e+05 1.106205822004755173e+05 2.654315497553829919e+05 6.107318378030858003e+04 1.663890724298328860e+04 -8.796207116565086835e+03 8.098093121466879893e+03 2.170687489806321537e+04 2.872778980627323836e+04 2.329786579253985474e+04 1.101799165260993686e+04 2.504287268264338309e+03 1.123175043832922347e+04 1.362044778913423943e+04 1.627563173336865839e+04 1.517239672090280692e+04 1.276030022190527234e+04 9.218137824282594011e+03 5.793938381199449395e+03 1.091546521946403482e+04 8.217484065906026444e+03 5.978738440025356795e+03 5.411151885328222306e+03 1.993859398731627152e+03 1.064831821364354255e+04 3.541410657687978528e+03 -1.162730256478659385e+03 1.168417633753742166e+03 2.031975487094434584e+03 6.099952824666747802e+03 6.290057406821237237e+03 3.165737689958505143e+03 3.363128557795462257e+03 2.754014482271405086e+03 2.460517757607504336e+03 -9.975782898160274499e+02 5.276782530430083170e+03 2.935651058535252105e+03 3.460555009736084685e+03 6.758444846729312303e+02 1.323821611851342141e+03 2.516058014501365051e+03 3.926368585914969572e+03 2.087980672901015168e+03 -2.769905893190790721e+03 2.009590707492176989e+03 2.094105036835610917e+03 1.581977480448889537e+03 1.785836579409992964e+03
