3.295504359474626541e+09 3.376279643878717422e+08 9.189237288616070151e+07 -4.215205240468484350e+06 5.447935008371389471e+06 1.069427561379774474e+07 4.902676156299429014e+06 4.434748656689316034e+06 -4.844321680538225919e+06 -3.998295904853639659e+06 -1.893580526603640057e+06 -2.509140979237044230e+06 -2.612061975753672887e+05 -1.139306610373881646e+06 -2.643334891007583123e+06 -1.191199687574500917e+06 -1.019008455659021129e+05 3.269864210675963550e+05 -7.225525479492417071e+05 -1.696305755998605455e+05 -1.537056839956026757e+06 -4.623389260016915505e+05 1.659955707624945499e+05 8.899356322200442082e+04 -6.194864573483571876e+05 -9.965529761793002253e+05 -5.182819822727299761e+05 -7.324255035213918891e+05 -2.886377523915505735e+05 -4.525336170559842722e+05 -7.401070582648001146e+05 -4.026468007710800157e+05 8.147498318174541055e+04 2.391012550542852841e+05 5.697647447021758126e+04 3.944852595159315388e+04 -3.765715555229422171e+04 -2.506495802600118914e+05 -5.254445743725390639e+05 -3.617978313787979423e+05 -1.391653087394355680e+05 -8.460126970870522200e+03 -1.421909758480348391e+05 -3.683668559733174625e+05 -2.787732062290895265e+05 -2.484719451661250205e+05 -1.944490969978713547e+05 -1.912566557327317714e+05 -1.557599343058883678e+05 -7.625286801218357868e+04 -1.356384422336759162e+05 -1.192271943513870792e+05 1.025844322191110696e+05 9.480988937527250528e+03 -5.179802491327201278e+04 -5.826885704845355940e+04 3.892845954124790296e+04 -4.180502737373777927e+04 2.547073703035302970e+04 4.494178715452839242e+04 -4.402337054005352974e+09 7.687454874630771577e+07 -2.708215856155291200e+07 -7.237696609019804001e+07 2.755341291356207430e+07 -2.177387049160367996e+07 -2.336389440627787262e+07 -1.636886696935892291e+07 -1.310435601421427913e+07 -2.542956721338189673e+06 -7.496442230484659784e+06 -1.043625842702442408e+07 -1.647240586433363147e+06 -6.057076861011798494e+06 -1.741154840338003356e+06 -7.403766214096713811e+06 -2.830394872012978420e+06 -1.895510362448941916e+06 3.736123870485971565e+05 2.020977133651408134e+06 -7.484796024783105822e+05 -1.693945969576033298e+06 -1.078443610325759510e+06 -1.901117135166960070e+06 -1.091881411605297355e+06 -1.069028413119497010e+06 7.894458283096919768e+05 -2.712474143297852133e+05 5.800391194679274486e+04 -3.984083629306320800e+05 -9.087015139056926128e+05 -1.017922675452662981e+06 -1.286389439229262061e+06 4.235813593976619304e+05 -8.982051831147762714e+05 -1.079216685389357735e+05 4.319468035171423981e+04 -7.096385007677206304e+05 -4.055336320117770811e+05 -3.366892331426333403e+05 -2.061376919282417512e+05 -6.015571179875617963e+04 -8.576506340329210798e+04 -2.445184745261274220e+05 8.778335405178379733e+04 1.223748136348087719e+05 -1.637810133554059430e+05 -8.523844234759043320e+04 3.306590902727026696e+04 1.740781977517073101e+05 1.878760902772955014e+05 1.505611502740938704e+04 -2.964928246095058857e+05 -1.559275816638985125e+05 4.561095086619985523e+04 -7.815116315803462930e+04 -1.449164525868504425e+05 8.489487359559118340e+04 -8.909709762043891533e+04 -1.166094802252274676e+05
3.376279643878717422e+08 5.507735822295041084e+08 1.128866673852495551e+08 2.483620614851032197e+07 9.278043174063028768e+06 9.926364346278013662e+06 6.251891909578346647e+06 1.121957072057124227e+06 -7.657760583117075730e+05 4.182910935590186273e+05 -2.659406851493026479e+05 5.659065310662693810e+05 1.057079565826056991e+06 1.247478101105202688e+06 7.317232010190254368e+04 -2.321092644704896957e+05 9.853660291589070112e+05 7.269715877376194112e+05 7.857961067774482945e+04 -2.223764202903640398e+04 2.328610665469283122e+05 -3.028883259365864433e+04 9.932250902784599748e+04 1.335572369991918385e+05 4.314682198903891549e+04 -9.800925655410344189e+04 5.399941578224267869e+04 -6.725756070713234658e+04 -1.825028986288857413e+05 1.439308896138787968e+05 1.544290026574022486e+05 -1.586436504090282251e+05 -1.825387052459373444e+04 -1.510684682420691825e+05 -1.262489712751965708e+05 -4.911182067182174069e+04 -5.153173831086661812e+04 -5.834364904490574554e+04 2.663898726787680425e+04 -5.171988922243641719e+04 1.841837262465640015e+04 -9.069560288704495179e+04 -1.070849390785446594e+05 -3.161524588236561613e+04 -6.695983003223451669e+04 -1.660722950063050666e+05 -1.109859665476766095e+05 -4.399496006281291920e+04 -4.855744235652023053e+04 -1.279524533873581677e+05 -7.994063305263800430e+04 -1.061381648815339431e+05 -7.503980336089403136e+04 -8.191355053848616080e+04 -1.171732585677898169e+05 -7.549543044759864279e+04 -7.172569569619423419e+04 -5.602268057589639648e+04 -8.831250869840766245e+04 -1.321950391647149518e+05 -5.128149457983853817e+08 -4.529398212108489126e+07 1.147727864782176167e+07 3.420324119314931799e+06 6.637301030663656071e+06 -1.310618573706340045e+07 -1.259897385012283688e+06 -3.755404786201091483e+06 -3.738740606601393316e+06 7.420226647118431283e+05 -2.273145885479778051e+06 -5.015177628374294727e+05 7.906556960545251786e+04 -1.335361356099452532e+05 -9.287392558572284179e+05 -1.753245359325552359e+06 3.499940635392023833e+05 -6.824782112517172936e+05 2.022854006141728023e+05 -4.736547866661942098e+05 -1.591832289965192322e+05 1.989300094430941972e+05 6.401276310377837945e+03 -1.879041616386050009e+04 -4.670350336019185488e+04 1.581942990677955386e+05 4.287735527460231679e+05 -6.245561292090421921e+04 -2.598373602554601675e+05 2.364141010985203320e+04 -4.801225789865387487e+05 -6.680132659055821132e+05 -2.658336531193957780e+05 -1.061415901539539482e+05 -3.443646157756230095e+05 -2.809821773981307160e+02 6.068727852620356862e+04 -2.304093695825692266e+05 1.450633079573667783e+05 5.067437207201238198e+04 9.042799016199767357e+04 -7.040179199405351028e+03 9.055721996656934789e+04 -1.463768879324063892e+05 -4.565835453713442985e+04 2.811251132007124397e+04 -9.081962412176206999e+04 -1.982536337458206108e+05 -1.221861894990673027e+05 -1.205923753025697370e+05 -6.711240566045476589e+04 6.385755510355490696e+04 2.926571052651213540e+04 -9.250586403985522338e+04 -2.075141764028904072e+04 -3.090385438718690421e+04 -8.143977292015058629e+04 -1.624916473300423240e+05 -1.125669788718112686e+05 -3.046869430352898053e+04
9.189237288616070151e+07 1.128866673852495551e+08 2.287701042791703939e+08 5.374583479689075798e+07 1.209594457297987677e+07 9.869576062603516504e+06 1.676786716426944360e+06 1.068578647030375869e+05 4.245395592284873128e+05 1.200408501216858858e+05 1.046100711050899816e+06 1.511540233431552304e+06 2.181824666906267230e+05 4.900880791433270206e+05 2.467056381950188552e+03 -8.807982135107541399e+04 6.862686257919722702e+05 7.569901638298304752e+05 3.130114461190077709e+05 5.295013760899289045e+05 5.324546484985600691e+05 6.572132895464137255e+04 2.986241474749628105e+04 -1.401021423073469487e+05 -2.917446622557855881e+04 7.467161237437787349e+04 1.238384204310995992e+05 -1.088454179181805666e+05 -6.538315496292194439e+04 -2.871178552869136183e+04 1.245461724959904095e+05 -3.342901928285793838e+04 1.461359572181846015e+05 3.835666324233951309e+04 8.648392800610297127e+04 -1.179405916737778316e+05 -8.871415835885638080e+04 -9.028260548138653121e+02 6.160793685784868285e+04 3.407146231006925518e+04 -1.633308880303836486e+04 -2.945145781382570931e+04 3.081890895870696841e+04 1.866555958740926258e+02 -2.010475604733610817e+04 -6.563169432602943562e+04 -3.318036516929950449e+04 -4.879716947064275155e+04 -1.359530013668084393e+04 -1.832231245082020178e+04 -2.930381550281283489e+04 -1.257768623991657114e+04 -5.818307152803270583e+04 -2.202941001154639162e+04 -7.695530528837999736e+04 -3.168085986047335246e+04 -3.719330173499458033e+04 -1.500788280528409450e+04 -1.154088445171540479e+04 -3.709751517932132265e+04 -9.525189556834173203e+07 2.795891474989925697e+07 6.485874214469161630e+07 3.924626541144862771e+07 1.026489031249743886e+07 -4.259716560602548998e+05 -7.426647342045266181e+06 -2.050772934381715255e+06 3.526367314924743958e+06 -9.248571685277699726e+05 2.299507706469032273e+05 4.292036086401576758e+05 -1.765038418188962387e+06 -5.690421898558823159e+05 3.809060728584507160e+04 -1.906562124312511878e+06 2.034930332422030333e+05 2.907886901527990121e+05 1.179327407630501402e+05 9.942319239997089608e+05 6.169750139367211377e+05 -4.570629547878251178e+05 -4.456604616380906664e+05 -1.232535232094529638e+05 -1.833102023517333728e+05 3.381027579867984168e+05 4.941253738017317119e+03 -6.737923199952239520e+04 1.794984815094328951e+05 -1.320999424380499695e+05 -1.609976924244482652e+05 -1.542315958961179131e+05 -1.335889772171662480e+05 -7.083552333474635088e+04 -1.458331335164539632e+05 -1.785114405347650754e+05 -1.753457136854445562e+05 -1.651756704385160701e+05 -8.371411530905182008e+04 -6.555593112577442662e+04 -1.307889171817332681e+05 -5.027587950493667449e+04 -1.308291094581408397e+05 -2.977296824615448131e+05 -1.750772786489675054e+05 -1.090459993459783873e+05 -1.010057617491296696e+05 -1.519665114841934119e+05 -4.352430588651763173e+03 -1.409587204736652438e+03 1.776946364442244521e+04 -4.163238989541312912e+04 6.666586106190076862e+03 -2.694774708801193992e+04 -6.904743236997139320e+03 -9.044839155198125809e+03 -1.076958750596161408e+05 -9.398943108759629831e+04 -1.172112895283047401e+05 -6.813749281904422969e+04
-4.215205240468484350e+06 2.483620614851032197e+07 5.374583479689075798e+07 1.131538193954967111e+08 2.800472950931251422e+07 1.022906927225605771e+07 2.577072834390459582e+06 2.191104456655567978e+06 2.026392030122529715e+06 1.131626696699571563e+06 1.283794379306034651e+06 8.635903192349214805e+05 3.080044861300446064e+04 5.568052948396366555e+05 2.063185895211075549e+05 4.515635349178578472e+05 4.813564859593595611e+05 4.877457410420645610e+05 1.715854281856927555e+05 3.146737029568232829e+05 3.366754310586187057e+05 2.440167178436716204e+05 1.808904233280410408e+05 4.994117835423215001e+04 9.675343245761722210e+04 2.152707480863771707e+04 1.118553156243129924e+05 1.330602445223192626e+05 1.414277160815495008e+05 1.702302254782008240e+05 1.065050427916569752e+05 6.937127507392107509e+04 8.134621760189252382e+04 -7.444607865160031906e+03 7.204190338974427141e+04 -1.161574474963542161e+04 -3.888027342622772994e+04 6.302460322580584761e+04 5.418943218721933226e+04 1.740823478904813965e+04 3.810671895825913816e+04 -1.944224477770448402e+03 5.161176661187312129e+04 4.479412957983186061e+04 1.476416593645320972e+04 1.706862039937450027e+04 2.063680036018666215e+03 -5.628525910069351085e+03 2.580585565923753165e+04 -3.848489141550900285e+02 1.632315165979174890e+04 4.992220591270766454e+04 -1.057386716849353979e+04 -2.698940412319667303e+04 -4.884094346794678131e+03 -1.655647422410216450e+03 -2.290573298519267337e+04 -1.319813624797050761e+04 -3.917468829734528299e+03 -1.387521164673626845e+04 8.569238195575511083e+06 3.694742849666584749e+06 3.518067225342655182e+07 7.005985013588693738e+07 1.424923730588358827e+07 5.963271380286392756e+06 -1.859575963036667090e+06 2.476700546540809795e+06 5.879404507555191405e+06 9.023801703540716553e+05 -1.010607541871494381e+06 -8.291899049487263255e+04 -9.445992057389544789e+05 1.692542962345363048e+04 -7.292170429076073924e+05 -1.510800252665629843e+06 -2.035079785954151885e+05 5.621606426971104229e+05 5.333536771286567673e+05 7.394774018556730589e+05 3.307165805042670690e+05 -2.108621891571594460e+05 1.977423264316014538e+05 4.391609171508483705e+05 -3.191397744511399651e+04 1.906710593208328646e+05 1.352987996221003996e+05 3.786028068871833384e+05 3.395938051429524785e+05 1.759546691308894369e+05 1.252557055090839567e+05 3.747393654947408504e+04 3.636037986146121057e+03 1.983642331620630648e+04 6.970947114478502772e+04 2.940241717260688529e+04 7.448068601941864472e+04 2.204359948125118171e+04 -6.332575540862334310e+04 2.499636469331433909e+04 -7.222182748174780863e+04 -1.163242971375817433e+04 -9.334220814865342982e+04 -9.025348547187184158e+04 2.173229362675651828e+03 -1.630703365866089371e+03 -1.895334073036018526e+04 -6.219405846381658921e+04 1.329197839439962445e+04 -6.859264496111749031e+04 4.667019525259172951e+03 -6.900269528600141348e+04 4.281662489337300030e+03 -5.264929070451603366e+03 -2.921851629324421810e+04 2.798425512637408974e+04 -7.482831193635762611e+04 -1.787372604314586715e+04 -5.843025538923587737e+04 -8.801181446432965458e+04
5.447935008371389471e+06 9.278043174063028768e+06 1.209594457297987677e+07 2.800472950931251422e+07 6.805066690682950616e+07 1.555321765154848620e+07 2.449562161637389567e+06 2.417033049113646615e+06 1.187187184544689488e+06 6.787539956981013529e+05 7.682555891384218121e+05 8.018589352665364277e+05 1.113939647181135515e+05 5.135423881198971067e+05 4.109755178272245685e+05 3.332930448627254227e+05 5.527692053961758502e+05 3.873172995416764752e+05 1.762351802293109067e+05 2.072988087717115995e+05 3.587543884391361498e+05 2.188941122028972604e+05 2.338295272707013064e+05 1.536338334981187363e+05 1.655432799814849277e+05 8.326746046380761254e+04 1.212317289183677058e+05 9.328189220852931612e+04 1.394184816685605329e+05 1.005606027952752047e+05 1.336466930819757981e+05 1.128926719713897182e+05 1.158579460904787411e+05 7.346865449573029764e+04 7.413847059691604227e+04 3.740960441424333840e+04 8.199153188510950713e+03 6.411898566665501676e+03 5.324478174160019989e+04 4.738950293202537432e+04 6.669248711532709422e+04 5.208228112892957142e+04 6.252726126931809995e+04 2.023085447685266990e+04 5.231693112862072303e+04 4.254256521871997393e+04 3.871911691589770635e+04 4.345823717784625478e+04 3.966704275749930093e+04 1.506774596499240579e+04 1.399496628843662802e+04 2.168235111163449255e+04 2.109841715769647999e+04 -3.751121398097720316e+02 2.856181737619193518e+04 6.114694610213470696e+03 2.450312780987403130e+03 1.959539753223539810e+04 1.845431078715732656e+04 7.935851598636810195e+03 3.757045008350983262e+06 9.728883447625301778e+06 -2.941084194726412185e+06 1.595271843556855805e+07 1.021036438635198027e+07 3.958911689417717047e+06 -3.594048504245655145e+06 1.794038404480460333e+06 8.380869667548639700e+05 -1.142682599195335526e+06 -7.827512569268561201e+05 6.648093960794240702e+05 -5.283584339783616597e+05 7.749104308478518215e+04 3.244676808150216239e+05 -3.599634209427128080e+05 2.842511327137231128e+05 2.615902048187144974e+05 1.780599789895268332e+05 6.680459541784467001e+04 3.514865934979416779e+05 2.566968702145848074e+05 4.048699876582157449e+05 3.695393640696347575e+05 1.271113081601514859e+05 5.903272477325415821e+04 2.395961942569644889e+05 8.273637002799836046e+04 7.716476928010361735e+04 1.693596134747197502e+05 1.210033699234231317e+05 1.093124085618025128e+05 1.842233369268556999e+05 -1.077465682595996259e+04 8.630236205811852415e+04 8.496495299727987731e+04 7.210724009406001642e+03 -5.129903350445170508e+04 3.181991350411310486e+04 6.785386899168306263e+04 -7.892832011119382514e+03 -3.876174431179943349e+04 -7.881578860085796623e+04 -4.740973594984004740e+04 -5.657314003197450074e+04 -2.845929767114272636e+03 1.238112556595304886e+04 -1.261883200464371112e+04 3.040432223269565293e+04 3.327805272840163525e+03 -2.825708143207625471e+04 6.165601112291156824e+03 2.650610106284626454e+04 -5.226371803684402948e+03 -3.365849111496535897e+03 2.978628415236178989e+04 4.690037318800722460e+03 2.191481486900950767e+04 -2.583375302501766419e+04 -5.949205328097011807e+04
1.069427561379774474e+07 9.926364346278013662e+06 9.869576062603516504e+06 1.022906927225605771e+07 1.555321765154848620e+07 3.878292926890046895e+07 7.960111312596585602e+06 2.393384925557843875e+06 1.238159832388341893e+06 9.204105339286958333e+05 5.564482266434020130e+05 7.459651600253056968e+05 4.268141114332851721e+05 5.558818539395664120e+05 3.232070031103991787e+05 3.453061641289678519e+05 1.760208838729434356e+05 2.071701503788153641e+05 1.933667596131891769e+05 2.198485889629115118e+05 1.817415114629879536e+05 9.602332356521410111e+04 1.130585213284685742e+05 -4.700182825503218191e+04 1.299043355950103069e+04 -1.997150903847480731e+04 7.086104937809192961e+03 6.026527094410277641e+04 8.629364232321946474e+04 9.143206829691483290e+04 8.678624590396306303e+04 8.540028677005550708e+04 7.098082765687831852e+04 4.652150384869601839e+04 3.140175075362079588e+04 2.167757767213879561e+04 1.146354273602620196e+04 1.767214562916120485e+04 6.862192607531353133e+04 3.387259553422951285e+04 4.232267069478451594e+04 2.368901509905060811e+04 2.445807030917524389e+04 7.162453743699428742e+03 3.368288151922804536e+04 2.528633285938407789e+04 2.976585766171379510e+04 3.338469520916166221e+04 2.624392774147694945e+04 1.092616301808403841e+04 8.979015910253529000e+03 3.088309749171804651e+04 2.439726971392958876e+04 7.316970994347169835e+03 5.297035996675522256e+03 -8.530772949037218496e+03 4.855248885219124531e+03 -7.226933305043983182e+02 -4.983569887673093035e+03 -4.332220343317581865e+03 -5.258983309090880677e+06 -1.886889410077230074e+06 4.140020788044536021e+06 8.585218554891385138e+06 6.816995672128549777e+06 3.644346510697630793e+07 2.436736277377990540e+06 8.818671987745045917e+05 1.396024132022491191e+06 6.648994656398862135e+05 -1.091780999642670387e+06 2.470003093110618938e+05 -2.310738978658239357e+05 4.418106269169339794e+05 -5.517966304052040214e+05 -1.134648899849537847e+05 -1.713118372515031078e+05 3.322089512177460711e+05 3.031605829607626656e+05 -6.823278242267505266e+04 2.156708828409672424e+05 8.897470915816599154e+04 1.770227544426499226e+05 5.160504328755618917e+04 2.450632144674646042e+04 2.305629664091546874e+04 1.902426899228232796e+05 5.808858702542156243e+04 2.460201103645161857e+04 2.839446174804766633e+04 -3.533755584761068894e+04 3.487178492781085515e+04 1.678907650288332661e+05 2.943340693096237010e+04 -1.825667884836047233e+04 5.106572221631450520e+04 5.458372033542752433e+03 -7.002203756784593679e+03 3.821740513891489536e+04 3.370851509331967100e+04 3.056492823905526529e+04 -5.261752156387901778e+04 -4.011204448486003093e+04 1.209754317583889497e+04 3.000114028326568950e+04 1.020153194882810749e+04 2.603316582438558908e+04 1.762173933637654409e+04 2.319833673277139314e+04 1.211652273411347051e+04 2.340975343765501020e+04 4.304800388163704338e+04 3.106841027241798656e+04 -2.048151620497804288e+03 -1.943780133613352882e+04 -1.629868081809827345e+04 -3.441777933452978323e+04 -2.094072254832634280e+04 -2.693260380129899568e+04 -2.133294162075749409e+04
4.902676156299429014e+06 6.251891909578346647e+06 1.676786716426944360e+06 2.577072834390459582e+06 2.449562161637389567e+06 7.960111312596585602e+06 2.045385156391911209e+07 4.358149460097531788e+06 1.401955262494026683e+06 1.001963762497805059e+06 7.040581860852394020e+05 5.595194392389493296e+05 5.200907793870412279e+05 5.176902921078387299e+05 3.382172784379102523e+05 1.929755394918348175e+05 3.695132054439519416e+05 3.182645462474524975e+05 1.610390274293457624e+05 2.505466937433020794e+05 1.124771128532800503e+05 9.882643578545781202e+04 1.045048499059598835e+05 5.131425902436325123e+04 1.054677018915065855e+05 8.451469534005563764e+04 5.830144822064304026e+04 2.053164074209213140e+04 6.398894358796317829e+04 7.657576454822132655e+04 5.256620646063696040e+04 6.583012656258208153e+04 6.468112702745066781e+04 3.982280130447286501e+04 5.375236186672483018e+04 4.434888648135420226e+04 1.060019124181919506e+04 2.823817947149890460e+04 3.378884642659793462e+04 3.588563298451912851e+04 4.315982459425277921e+04 3.282387880076600413e+04 1.742073704331601039e+04 2.481424508348240488e+04 3.009609221009117755e+04 1.346939588047869802e+04 1.078977087367384229e+04 3.128620109832890375e+04 2.735308574119993864e+04 1.775785716251013582e+04 9.327047337338128273e+03 1.298196564212871999e+04 2.754100860577978165e+04 1.327809642897188860e+04 1.416856767820569439e+04 5.820040102357327669e+03 2.389573614330717533e+02 4.627273306245609092e+03 4.374852210272503726e+03 2.784517271190483825e+03 -8.627155258776532486e+06 1.885835530560587998e+06 4.587246786113503389e+06 2.415364263569770847e+06 1.104917774167254567e+06 6.878118019394272938e+06 1.674160341068314388e+07 1.765255387418280356e+06 -2.026440644014619465e+05 2.380633151994881628e+05 -4.183582155655439128e+05 4.584724879842853406e+05 1.384025012812948262e+05 2.439762321001602395e+05 3.802702437532597105e+04 3.102630916989019606e+05 2.635148733050535084e+05 5.439830279882324394e+05 1.959459135206254723e+05 -9.628125582419143029e+03 6.952663570389754022e+04 6.450344088333257241e+04 8.553933279042306822e+04 2.298989422390550608e+05 2.039572892289286538e+05 7.206710645089879108e+04 1.078853412459191313e+05 9.866497465616583941e+04 9.292961412279729848e+04 7.667065541635005502e+04 6.603941577856538061e+04 7.936772541256288241e+04 9.169140193891728995e+04 7.179178784835920669e+04 2.246393860631407006e+04 6.772233880538606900e+04 -2.495377691246135873e+04 3.770356638498823031e+03 7.930597716331586707e+04 7.023642015653224371e+04 1.251808298395058409e+04 1.902045688863570103e+04 1.214321664643000076e+04 3.176969627829761521e+04 3.927188393059304508e+04 2.910651961687786752e+04 2.031752670169397970e+04 9.327551822457236995e+03 3.913729669454259420e+04 1.128198759510058699e+04 4.934080021478277558e+03 6.355871705931112956e+03 9.589152299853638397e+03 1.369457807805269113e+04 1.197110651040597622e+04 7.709524976944146147e+03 2.508101127987604741e+03 -5.039076726066124138e+03 -1.567022007186037081e+04 7.479277361027049665e+03
4.434748656689316034e+06 1.121957072057124227e+06 1.068578647030375869e+05 2.191104456655567978e+06 2.417033049113646615e+06 2.393384925557843875e+06 4.358149460097531788e+06 1.306513066045568697e+07 3.175375964398195036e+06 8.321400263320272788e+05 5.009024204923933721e+05 1.532542266578614654e+05 1.406133648378627549e+05 1.561854329078134615e+05 7.570616437432727253e+04 7.526514994411132648e+04 2.055323371481560171e+05 2.111330810796144651e+05 1.489267509825879533e+05 1.764872883278215304e+05 1.163934698698649008e+05 1.460413142271892866e+05 3.720584748106984625e+04 6.987297854853811441e+04 7.048958395175296755e+04 1.998565356004981368e+04 5.917070851585400669e+04 3.209122171752874783e+04 2.689907045871582886e+04 2.907733610761320961e+04 6.357532376987722091e+04 5.339537556175483769e+04 3.083732449629893017e+04 3.525349315180510166e+04 3.615235554924461758e+04 3.299933065940725646e+04 2.432655004205184377e+04 2.169424536553159851e+04 1.059148701663159409e+04 1.620646594448763426e+04 2.158216333997492256e+04 2.122558660256152143e+04 9.772088959303073352e+03 1.392987089092218957e+04 3.091958478586281126e+04 1.194230414556264986e+04 2.055829827352625216e+04 2.092339355995383448e+04 1.062427433944537916e+04 1.652507130165763374e+04 1.039627696281906901e+04 2.048740145357542497e+04 9.561155069927051954e+03 9.895556097294645951e+03 9.537907399553354480e+03 6.035990369941658173e+03 3.262481219832523948e+03 9.744541574077984478e+03 9.328597208973413217e+03 -8.218969415717967877e+02 -5.048412380971601233e+06 1.793879855312650092e+06 -8.948903069394638296e+05 2.378885979110718705e+06 -1.024282813458139193e+06 2.474919593643934641e+05 2.348302050040733069e+06 9.143125612642332911e+06 2.523315307833118364e+06 5.879233420516531914e+05 1.439554114618386957e+05 1.549779851614836662e+05 -1.592634644495478133e+05 -3.334303985036527156e+05 5.204818294098671176e+05 1.526764546289069403e+05 1.502816399429021403e+05 2.994644463566110790e+04 -4.248787813909792749e+04 1.042008900934264093e+05 -3.703955319359955320e+04 1.925236161434898386e+05 -4.105884529339525034e+04 1.986893652831396903e+05 6.885432163832538936e+04 2.154859062083328536e+04 1.289721446974245191e+05 1.434067132063582831e+05 1.770504319279786432e+04 1.380133213483404870e+04 6.104264858159574214e+04 1.381379078391907024e+04 5.036917085183448216e+04 9.170593465584947262e+04 2.951121707164746113e+04 5.910941194944822200e+04 1.007997336462031381e+05 1.021994347627947354e+04 3.348148451177632523e+04 5.266318295153417421e+04 5.330124226757845918e+02 -4.661039042616147526e+03 2.843298920586459644e+04 3.199867160343841169e+04 2.687280560341595992e+04 5.415359232347580109e+04 4.986710642143883888e+04 2.394739321547083455e+04 5.905318987403047686e+03 -9.039732347160748759e+03 -5.091804860657680365e+03 -3.283343037481313786e+03 2.507304943397039824e+04 2.250724451236181267e+04 1.117735542530319799e+04 5.506751528352548121e+03 7.856674596543654843e+03 2.182794373063542298e+04 9.538279746675281785e+03 1.325006149875675510e+04
-4.844321680538225919e+06 -7.657760583117075730e+05 4.245395592284873128e+05 2.026392030122529715e+06 1.187187184544689488e+06 1.238159832388341893e+06 1.401955262494026683e+06 3.175375964398195036e+06 7.957115033868302591e+06 1.899182344255055301e+06 6.763069997415997786e+05 2.385944354996879702e+05 2.289605767261444998e+05 1.283469728910974081e+05 8.284675086896898574e+04 1.723025249455615703e+05 7.746530268361957860e+04 9.623704362869547913e+04 3.300240261951078719e+04 7.898623368795230635e+04 1.034139202299954632e+05 1.041615214614804281e+05 6.672337507755251136e+04 3.304116779659960594e+04 4.158077661769703991e+04 4.176928706823252287e+04 4.054992809023109294e+04 3.101714216086042143e+04 4.723131523516459129e+04 4.817119841425859340e+04 4.555038714883878129e+04 4.101442215232940362e+04 2.949928916152547390e+04 2.706617316906362248e+04 3.289968540434505121e+04 2.625066003683456802e+04 1.829789934943761909e+04 2.069638314856011857e+04 1.311369170924582068e+04 2.063931613373563596e+04 1.115834836556875962e+04 1.541938491590112244e+04 2.057681047635545838e+04 2.267511318049994588e+04 2.913817809811090046e+04 1.634701186272491213e+04 1.500552727741912167e+04 1.935229951629999050e+04 9.731446019579454514e+03 1.263878402801785705e+04 6.921251202560143611e+03 9.170231778196766754e+03 7.704114385877188397e+03 9.534946557434483111e+03 -1.251550036656647535e+03 3.545919518657725803e+03 -4.915025861849559078e+03 6.298665698352449382e+00 6.441364302257788040e+03 2.369655698931061579e+03 4.358487719687200151e+06 4.959262139676625840e+06 -1.496807697946230182e+06 3.253007834637467284e+06 9.452820013856594451e+05 1.311482265217493055e+06 2.584954223293584364e+05 1.575827289856794756e+06 3.969478499750962947e+06 6.955533313268681522e+05 -1.627688512164089771e+05 3.344135210803626978e+04 -5.277808171689190431e+02 -1.315294263336655858e+05 2.173740145070259750e+05 4.157284334826783743e+04 2.703273682400428515e+04 -8.749320986259086931e+04 3.224416187709019505e+04 1.545891138287446483e+04 8.914584767184972588e+04 1.188258955402518623e+05 -1.915061217332635715e+04 1.522940873447181275e+03 5.319667294245964149e+04 1.320615521254909436e+04 5.807500123929218535e+04 3.704509655521179229e+04 2.833565619983645229e+04 -1.073287455957766906e+04 3.567134843958378042e+04 4.119466658700055268e+04 4.052985186549626815e+04 3.646717523612237710e+04 3.882512825767591858e+04 2.352238293924885511e+04 3.735270107215805911e+04 2.619558076767850071e+04 8.539163687167922035e+03 4.366088805764220160e+04 1.598029024596051204e+04 1.430125192073950166e+04 1.763323097785410209e+04 2.484067349300678688e+04 1.089898587163545926e+04 1.166433668959469469e+04 2.142208443833400452e+04 1.367243756757475421e+04 -5.964925521885375929e+03 1.620252606985656348e+04 1.593613109727488882e+04 5.911332241125042856e+03 2.817157238196020899e+02 1.790133254618745559e+04 1.938049184226376383e+03 9.089264449548083576e+03 1.503416180880196953e+04 4.592703459096974825e+02 -1.788849236972353310e+03 -7.664832671943020614e+03
-3.998295904853639659e+06 4.182910935590186273e+05 1.200408501216858858e+05 1.131626696699571563e+06 6.787539956981013529e+05 9.204105339286958333e+05 1.001963762497805059e+06 8.321400263320272788e+05 1.899182344255055301e+06 5.294535407984158024e+06 1.270496929617294110e+06 4.528321924683558755e+05 3.429663304690268124e+05 2.180053872411274933e+05 2.401232652322044596e+05 1.455418806230868213e+05 1.404687032087497937e+05 1.263811298161133163e+05 9.911983597326591553e+04 8.814230985057215730e+04 1.381686736059153336e+05 1.053807822273591883e+05 5.500635269723981764e+04 5.538498802627047553e+04 6.871944599569299316e+04 6.825039921123141539e+04 3.815172123484819895e+04 5.161300502496034460e+04 5.096930724869337428e+04 3.339694086479498219e+04 2.406998648144917388e+04 4.161088002821299597e+04 2.267123924294987592e+04 4.696823843731342640e+04 2.342691423229737848e+04 3.069222853427176233e+04 2.861846327676458532e+04 3.210385550867267739e+04 2.007617302972052494e+04 2.049671869916961441e+04 3.287942543497200677e+04 1.490881112657339327e+04 1.888992313231346634e+04 2.318994864738272008e+04 1.834847426662825092e+04 1.464369255677990077e+04 2.019423411865972594e+04 1.632616195916133802e+04 7.304007469953648979e+03 1.365331334929308468e+04 7.272827449461128708e+03 1.213716058605580656e+04 8.749643652074679267e+03 8.367242520030275045e+03 7.861962849524916237e+03 2.621202824250688991e+03 1.085832588830406530e+04 8.242731649318639029e+03 3.043933410021228156e+03 1.575293487816485651e+02 5.584868075009603053e+06 8.649113169302385068e+05 -6.483110860382051906e+05 4.786595260732128518e+05 6.633626865357122151e+05 1.277323446864063619e+06 4.610380034583198139e+05 3.656455213907730649e+05 1.186489490740459645e+06 3.188385213485968299e+06 6.273720206434528809e+05 1.654972954635584028e+05 1.543867339286589122e+05 7.213034956538359984e+04 3.587096647296673618e+05 1.178396174746932811e+05 1.816573579959828057e+05 1.845878155116829730e+05 1.376320561688046437e+05 9.135052419598505367e+04 1.352426382873679686e+05 1.386279408761482919e+05 9.683274194429065392e+04 6.590971800456355595e+03 1.023672681030109088e+05 1.084489133106646041e+05 4.297271795970521634e+04 -2.230260443390727687e+03 1.276082974125748115e+04 5.109643654209883971e+04 2.045275081401843636e+04 9.396971407683915459e+03 2.003825633544445009e+04 7.579986254329179064e+04 3.578452183682827308e+04 3.019119411489554113e+04 4.578484199054478813e+04 2.608471535899696755e+04 4.154631706528936775e+04 6.522886273576164240e+04 1.998953984151548866e+04 2.424530526877352895e+04 9.564994830845513206e+03 2.059250941611760209e+04 2.450939632892948907e+02 2.331595170177858745e+04 9.760370679136291074e+03 1.444706737711135975e+04 7.953842271102323139e+03 1.750171909363841041e+04 1.809681030075645367e+03 5.079916427278652918e+03 2.291084371336000549e+04 2.288974021354332217e+04 4.963958919467158012e+03 9.247597574276045634e+03 1.610967736604101628e+04 8.188519678507823301e+03 2.436682686789166110e+04 1.152365944142539047e+04
-1.893580526603640057e+06 -2.659406851493026479e+05 1.046100711050899816e+06 1.283794379306034651e+06 7.682555891384218121e+05 5.564482266434020130e+05 7.040581860852394020e+05 5.009024204923933721e+05 6.763069997415997786e+05 1.270496929617294110e+06 3.547902957566828467e+06 1.001384279622093774e+06 3.335333387059377274e+05 2.158993293028576300e+05 1.237921561516759539e+05 1.285820245119477331e+05 1.126757358049604518e+05 1.114548014214494906e+05 4.504225709993854980e+04 6.279584430899262952e+04 7.491695886474495637e+04 9.357798408430212294e+04 6.246894484489498427e+04 5.342129171400802443e+04 4.520551465675760119e+04 3.342510601085429516e+04 3.148388113802211228e+04 2.907580800088547767e+04 2.565788015384082973e+04 3.651128852850112162e+04 3.630965393472636060e+04 3.441626149346418242e+04 2.183433833963766665e+04 9.848014332413842567e+03 1.760662257402889009e+04 2.304900589842031332e+04 2.026840101895494809e+04 1.818670425228706881e+04 1.047092484438162501e+04 1.364467382592188915e+04 2.484977379984709842e+04 2.077304048335790139e+04 1.864112658619133799e+04 1.972617950717034546e+04 9.821839916273214840e+03 1.449610830369707219e+04 2.189559424185737225e+04 1.050799152772632442e+04 1.177086588346228200e+04 9.846835270606581616e+03 1.002867046404800931e+04 9.800188277815097535e+03 9.662393667516476853e+03 2.175434546468547524e+03 8.245846561728101733e+03 8.937889265779405150e+02 2.678109008779064425e+03 9.148481096422530754e+03 9.158111721878618482e+03 5.095064986822361789e+03 2.761833313707961701e+06 2.464954437930631917e+06 6.915089187560657738e+05 8.665469766094343504e+05 9.270746284942571074e+05 1.299802070520027308e+06 1.467548041690166865e+05 3.317676628683652380e+05 5.353675562378163449e+05 2.769850271780902985e+05 2.191670176883283537e+06 6.244805019553328166e+05 1.524640230768097681e+05 2.780968261276257545e+04 1.486401230198232224e+05 2.353499142753935303e+05 1.052239833516408107e+05 1.186888608705337392e+05 3.731954408659705223e+04 6.124779034002806293e+04 -5.423885131909354823e+04 2.924445295077488845e+04 5.051001017498739384e+04 2.632981084214412112e+04 6.230715097143308230e+04 6.665100861165513925e+04 1.547908550698210092e+03 2.208824925425215770e+04 2.430240402094443198e+04 2.584645962752988635e+04 2.412504239045657960e+04 1.104511246908802968e+04 -8.077785697433925634e+03 3.075386168130838996e+04 1.101753415902540473e+04 3.203260537396513996e+02 2.859517411288631411e+04 3.100592215253610630e+04 3.333746482968320197e+04 8.950172232977167369e+03 1.077145805055367418e+04 1.133514481057519879e+04 1.432620700822100844e+04 1.598284980584513687e+04 4.240581246937156834e+01 9.601160911699958888e+03 3.691085869542512683e+03 -4.140578359966774769e+03 -6.127934322300073291e+03 -1.225239177403228155e+02 -6.791611229986717262e+03 6.945695363341576012e+03 1.179454488766541908e+04 1.956188677915787412e+04 -3.646396567619732650e+03 4.510652298854257225e+01 -3.014017988483313729e+03 -6.040193226596465138e+03 3.417751041769235599e+03 -1.759743997674044977e+03
-2.509140979237044230e+06 5.659065310662693810e+05 1.511540233431552304e+06 8.635903192349214805e+05 8.018589352665364277e+05 7.459651600253056968e+05 5.595194392389493296e+05 1.532542266578614654e+05 2.385944354996879702e+05 4.528321924683558755e+05 1.001384279622093774e+06 2.950509856725369114e+06 8.135691322241629241e+05 3.003738330341111869e+05 1.637176715820432582e+05 4.516369353050732025e+04 9.729772522789402865e+04 1.162562092188621464e+05 8.276389172602296458e+04 6.372370991780565964e+04 9.548330578424129635e+04 7.836553492405757424e+04 4.556928983176600741e+04 3.695600328745432489e+04 2.667726267282816116e+04 1.953952000925516768e+04 1.647848930269524499e+04 3.319784203006688767e+04 1.248900721705092838e+04 3.423272251865937142e+04 3.940975425018201349e+04 4.188294480216526426e+04 3.490084962878748047e+04 2.702940480107153780e+04 1.989327171691348849e+04 2.722132854942397898e+04 1.164189029982284046e+04 2.228444932858367611e+04 1.813646635219840391e+04 1.074787866822947944e+04 1.424025510085952919e+04 8.251642285639511101e+03 1.244748350101569486e+04 1.154472704872340000e+04 7.036579652999935206e+03 1.226072403377894989e+04 1.071990930711626424e+04 1.454892193122484787e+04 1.214939365185976203e+04 8.413328989978443133e+03 1.083471232817463169e+04 7.308106890243339876e+03 1.064410315566606550e+04 9.232750945240484725e+03 6.847009441593502743e+03 2.273639205748645509e+03 6.098060664192015793e+03 8.230068346970929269e+03 9.755144787975026702e+03 7.003591602448651429e+03 3.160923632886693347e+06 -7.911108373076672433e+05 -3.752925577322084573e+05 4.810823623475406202e+05 6.622630838691275567e+05 1.286808539194353390e+06 6.485101836012249114e+05 4.576674199518429232e+05 5.419234291703287745e+05 4.329701605582998018e+05 6.470897197324443841e+05 1.967110189790325472e+06 2.572779470823365264e+05 -1.379052341251996040e+04 1.131218229527312906e+04 1.385467185437860608e+05 -6.255720240209354870e+02 6.087104075997090695e+04 1.370850537211084447e+05 2.011535654313173291e+04 1.135656279752789997e+05 8.604324669420352438e+04 7.922267993527732324e+04 2.358408649206228438e+04 2.155556499266929677e+04 4.897899090956029249e+04 2.949004921633430786e+04 -9.594334235140404417e+03 6.335132521383614403e+03 3.602061323281125806e+04 3.885953099187554471e+03 2.753994460066431566e+04 2.210511025257355868e+04 3.428782284630088543e+04 2.883208706020700629e+04 4.105497379051903408e+04 2.327583989062762703e+04 2.183940365008654044e+04 1.460092134728274868e+04 1.116151779144121065e+04 2.752731857631864841e+04 1.249119486292927104e+04 6.745534379024362352e+03 2.746419822070666851e+04 1.654481757992643907e+04 1.508206761658679898e+04 -8.743299356665669620e+03 -3.742477043541076455e+03 5.875252665078362952e+03 7.409280149091088106e+02 4.415731201705739295e+03 -6.149633987812599116e+02 8.701307523212080923e+03 1.550174741275680572e+04 1.103771596601533383e+04 -2.519261096597718733e+03 4.944082829790109827e+03 1.210866032621668091e+04 6.029979249529402296e+03 2.610283636434546679e+03
-2.612061975753672887e+05 1.057079565826056991e+06 2.181824666906267230e+05 3.080044861300446064e+04 1.113939647181135515e+05 4.268141114332851721e+05 5.200907793870412279e+05 1.406133648378627549e+05 2.289605767261444998e+05 3.429663304690268124e+05 3.335333387059377274e+05 8.135691322241629241e+05 2.119434345465763472e+06 5.348226161617372418e+05 2.092552268362379982e+05 7.207570229045643646e+04 1.063121366674984019e+05 1.108818976663113572e+05 5.420354667178244563e+04 3.355099146518727503e+04 9.537613055241854454e+04 6.479487903109446052e+04 5.366820119870542840e+04 4.036122992898814846e+04 3.333013023274342413e+04 2.179313980882847682e+04 2.089891716692876798e+04 1.810607363130494923e+04 2.492557227155925284e+04 1.664940665827419798e+04 2.015919329954708883e+04 2.282944449185069971e+04 1.821292604770034814e+04 1.834924217370455881e+04 1.065422923946962510e+04 2.004487273786047444e+04 1.486194938558810463e+04 1.502804195681609235e+04 1.396624381330051438e+04 7.105741603935910462e+03 5.081625278856548903e+03 5.290390408329049023e+03 6.769660351782906218e+03 9.297052660959143395e+03 5.217497658198816680e+03 4.777521468000964887e+03 6.165603338972625352e+03 1.105713820535720333e+04 1.402972052299906863e+04 7.076098979410149695e+03 8.524723728695953469e+03 8.701211252060946208e+03 1.047910342056210357e+04 9.266738420648938700e+03 2.762662921574914890e+03 4.031087226767165248e+03 3.296248582459183581e+03 5.491185563841999283e+03 4.646890871627593697e+03 4.703661251202703170e+03 1.026617347346621100e+06 3.373771820084304782e+05 -1.201564887472201517e+05 -7.478852289820918813e+05 2.592929072680204699e+05 3.224076178167825565e+05 2.373443653958054492e+05 3.233512919584798510e+05 1.586720041049878928e+05 3.285863408909865539e+05 4.551993016642019502e+05 5.839814304885931779e+05 1.272741009714267217e+06 2.395999646631011274e+04 9.327590727151058672e+04 4.932926312501420762e+04 4.261856596328116575e+04 3.091931729397963136e+04 5.901192658612794185e+04 -1.894991852201412257e+03 9.696757779202565143e+04 3.802803907054004230e+04 4.661887673336640000e+04 9.147654378820812781e+03 4.126038078222508193e+04 2.878197861638398535e+04 4.031941796547683771e+04 3.701142519790840015e+04 1.214325938405023635e+03 2.545667314547844580e+04 8.119309446105485222e+03 2.490985414071330160e+04 3.394297435157346627e+04 2.574197160764170258e+04 3.305193867448093079e+04 3.587061178101728729e+04 2.253740004433684226e+04 1.618026411130332053e+04 2.707702205758803029e+04 2.478847752554645194e+04 2.520787114494562775e+04 1.529658063683624459e+04 1.579861337291027849e+04 2.255469561856371001e+04 1.922033423296912224e+04 1.957712135200307239e+04 3.510852621919736976e+03 1.165016886808525851e+04 3.070932899820775219e+03 1.160347212701899298e+04 6.756189823256812815e+03 6.412820633734469084e+03 9.394135347637593441e+03 1.622293477748887562e+04 8.949038399856561227e+03 1.463063736995967338e+04 7.852964703633524550e+02 1.126964493042395816e+03 -2.940235557613128208e+02 6.762440434718484539e+03
