1.408630178512669086e+09 1.610676941834859848e+08 1.785586623239222914e+07 -5.366331028859218583e+06 -1.692318549048816552e+06 7.809693750258251093e+05 2.765930779501131736e+06 -1.365288499063238269e+06 -4.732691810327825369e+05 2.877876198671943857e+05 -3.813812340053608059e+05 1.704853741335542582e+05 7.956033027969090035e+05 1.248396472201226279e+06 4.582793058102084615e+04 -1.441418426202891278e+05 -3.680282770794765092e+05 5.933268393473787000e+05 7.198879533097139793e+05 5.649458904290676583e+05 1.289767170385771169e+05 5.335367313446952030e+05 2.377846971558556543e+05 2.557687671288823185e+05 -1.073504480125872069e+05 -8.307402115339170268e+04 -3.617755708416029229e+05 -1.879298657479861286e+05 -6.946281688575529552e+04 2.127977151466474170e+05 -2.923208880185223461e+04 6.290481614952553355e+04 -7.818831130313956237e+04 1.157806077208580682e+05 1.362847055200642208e+05 -9.763834081517381128e+04 6.476163150043882524e+03 -4.634789874247773696e+04 -6.907175480575752772e+03 1.169428685272179573e+05 4.570160444890497274e+03 -2.731967960065472653e+04 -6.414415666068618157e+04 2.736421633271866085e+04 4.046950881320500775e+04 3.160171935883404512e+04 4.741839267366650165e+04 4.062761249915784720e+04 6.137998463819950302e+03 5.173708571327798381e+03 2.264406310012119866e+04 2.860256612106909961e+04 3.788712931766991096e+04 -8.009568996329228685e+04 -4.581786065075549413e+04 -9.195645164787616523e+03 -2.874484041099599563e+04 1.100752643604761488e+03 1.331787350960778713e+04 2.874650843736574461e+04 3.890700129531092644e+08 1.851629900884672403e+08 6.074927356889225543e+07 -1.393434155725657009e+06 6.807187353305087425e+06 7.450907082397410646e+06 3.614915569584316108e+06 1.771012880599286873e+06 1.424582005170564866e+06 -6.616482416052332148e+06 -1.268895736580015160e+06 -1.773045606221925933e+06 1.151634954740022309e+06 7.881717613614242291e+05 -2.689320642458816874e+05 -9.416498253644952783e+05 1.568702358927766094e+06 8.147620736710819183e+05 3.408245518580353237e+05 -1.792429808552670758e+06 1.595950639197420969e+04 7.770709909326744964e+05 6.368779318530779565e+05 6.248902158099520020e+05 4.138332217629862134e+05 2.899291696859237854e+05 2.412572924878480262e+05 8.132158904571850144e+04 1.815966083555146761e+05 8.415503855481905630e+05 3.797224600650532520e+05 5.439602653227914125e+05 -8.101264451900277345e+04 -9.968485768974307575e+04 2.162130780192933744e+05 1.992669188621337235e+05 4.480937235853621678e+04 2.797516020882556913e+05 1.382200402457601740e+05 -2.387290418896387564e+04 1.541075192978374616e+04 -9.263845322340642451e+04 -3.880300477176563436e+04 4.898302827050710766e+04 -1.999621975383670724e+04 -7.685478263350029010e+04 1.661949100268703187e+05 1.773715073017701216e+05 -1.833975692294471373e+05 -9.471634030643482402e+04 1.141062541728969809e+05 1.553726422284867149e+05 1.247394194533635164e+05 1.329236039012885012e+05 8.106093684682231105e+04 6.615471588840210461e+04 -6.989156994629521796e+04 -5.882730946329138533e+04 7.794524278511754528e+04 -6.469986960401597753e+04
1.610676941834859848e+08 2.505283713395649791e+08 3.718951597756338865e+07 2.877560170060720295e+06 -4.499991417851874721e+05 1.250793204541881802e+06 1.425672200690938393e+06 9.465898166299583390e+05 7.438537293866904220e+05 -2.326141989998228091e+05 -2.210495536518806766e+05 -5.270258734204060165e+05 1.147851325986368902e+05 -2.726701204711705795e+05 1.839030310661986587e+05 9.612482500991337292e+04 1.933199908337471425e+05 1.010535662084108844e+04 -7.860546201348881004e+04 -1.236124181297376053e+05 1.189191177942216600e+05 -2.419352497827037951e+03 1.232289195813731058e+05 2.170424919194803078e+04 -1.502388815689740877e+05 -3.009207095967910936e+04 -7.803695692590075487e+04 -1.099463708576262434e+05 -2.612078571827326232e+04 2.461553289048170336e+04 -6.211185927077762608e+04 -1.352568584616445878e+04 -3.531908882147519762e+04 -1.884570430878741900e+04 5.788325691009248840e+04 -2.673649243145317087e+04 9.114147035436444639e+03 6.779421262145107903e+03 -7.439516567315338762e+03 -1.510072743516301853e+04 -3.125753390230536024e+04 -4.914033542278610184e+03 -2.581005764267884661e+04 -2.743414846652100096e+04 -9.611846554213349009e+03 -2.409240266226534004e+04 -4.045775801088708249e+04 -4.642362400153130875e+04 -4.107302159089731867e+04 -4.776941372572335240e+04 -2.620689651863774634e+04 -2.004209802960021625e+04 -2.757557039308741514e+04 -3.429504747752547701e+04 -5.170565243992880278e+04 -2.846346045805168615e+04 -3.385553012938301254e+04 -2.741765317513030459e+04 -5.111140356946730753e+04 -1.287269177697708074e+03 5.446851180578769743e+07 8.316878516026467085e+07 4.764361076056778431e+07 9.741987891117818654e+06 -2.861160222386553418e+06 1.405968143818575190e+06 3.446394746381438454e+05 1.996841145301568788e+06 1.543697949493771186e+06 7.106817997198759113e+05 -4.127637643082104041e+05 -1.499789067008584272e+06 -5.587155022119955393e+05 -5.625528975798399915e+04 2.454481763087851577e+05 -3.802399472580759175e+04 -1.821230602703226032e+05 3.204889256509408588e+05 -2.677006311568703968e+05 -3.692926493666259339e+05 8.189070663763016637e+04 1.466157615289739915e+05 1.783123584219345066e+05 -9.002380376500672355e+03 1.286596300615656655e+05 -4.101553194867709863e+03 5.344725966351037641e+04 3.777355922800225380e+04 1.801498959273249784e+04 -7.095681345469002554e+04 -1.640847445881826843e+03 -1.490045635086441762e+05 -1.882325830854428932e+05 -2.590780545851532952e+04 1.395621856526025113e+04 -1.094436355506602195e+04 -3.146680398521105235e+04 1.014571818664194143e+05 3.202885339243695489e+04 -6.686496318890630209e+04 -2.983678382624158621e+04 -1.052453502574482118e+05 -9.197000024599106109e+04 -7.599650922537135193e+04 -1.012250559316327563e+05 -6.343816363163926144e+04 -5.203860543216441147e+04 -6.265684489106465480e+04 -1.201646261799533822e+05 -1.175775239732982154e+05 -2.276671295728605764e+04 -7.201074812360614305e+04 -6.702773805482272292e+04 -1.632027288038515690e+04 -2.331899423274442961e+04 -2.176756567522874684e+04 -9.766812787635337736e+04 -6.863916237063525477e+04 -2.747429118103039946e+04 -8.922012133055474260e+04
1.785586623239222914e+07 3.718951597756338865e+07 9.832468649521435797e+07 1.846460601615428552e+07 1.033695930249537225e+06 5.223317423351844773e+05 3.449528734223385691e+05 -6.632321631734377297e+04 5.294220432271050522e+05 1.163057920097344759e+05 -1.572426629515442801e+04 2.699916517801156733e+05 4.795806164473709650e+05 -1.407049219487518712e+05 -6.034631808389438811e+04 -1.869368067355610401e+04 1.684292763439444243e+05 6.174073065242700250e+04 3.906548934818410635e+04 -2.917089395999211411e+04 4.624404093101403123e+04 -4.970515074575862673e+04 2.229568788258394125e+04 1.311885850603593826e+04 -4.759737181758459337e+04 1.085055407277752674e+05 1.037149141866584068e+04 3.770791088001559547e+04 3.332007700506439141e+04 2.384727013905795320e+04 1.768065291021920712e+04 -1.505804529744665842e+03 -2.090967204234359815e+04 -4.693619926909929200e+04 6.393829931083560041e+03 -2.186115888631118287e+04 1.170267464176210524e+04 -2.758512666698678913e+03 -1.878657178903847307e+04 -2.828311186683897540e+04 -4.384698094484854664e+04 -2.299844872588592625e+04 -8.620954716422220372e+03 -2.408476348338634125e+04 8.705931497962697904e+03 -2.681018401715210348e+04 -2.396296976188299959e+04 -3.259626408924728821e+04 -1.083457775102882260e+04 -5.286936728315060464e+03 -1.938992434410637361e+04 2.869341621295258392e+03 -1.445996953269737969e+04 -1.996989804483427724e+04 -2.716502825642096286e+04 -1.321612388827731229e+04 -2.644949504014816921e+04 -2.085534894669773712e+04 -1.792903314563447930e+04 -1.421129629452256449e+04 3.187467716721753124e+06 7.570657926137938164e+06 3.647019386039105058e+07 2.025985145119012892e+07 4.073568105189470109e+06 2.259065866427794099e+05 -3.441979642465423094e+05 7.708825038122040860e+04 -2.520819159321847837e+05 -8.179370473862159997e+05 1.955726147037477058e+05 5.954925632095356705e+05 -1.919039242140488641e+05 -1.374617589458317379e+05 -4.943123009149607969e+05 1.020375754778898990e+05 6.068209661941642407e+05 6.161294768693709048e+05 -4.295250281369304867e+04 -1.078850903528479685e+05 -2.734991551791600068e+05 7.228973836310313345e+03 1.185882447489452170e+05 -1.188971511417935981e+05 6.000712464572865429e+04 1.366882489521460957e+05 6.900757300407347793e+04 1.140327980347581179e+05 1.326591996051708411e+05 5.483417135919532302e+04 -1.130075152669750241e+04 -6.978163484165428963e+04 -8.594747345755399147e+04 9.968781948036617541e+04 -2.851551856381575271e+04 -1.490591501497300851e+04 3.236633736207689071e+04 3.446014020075480948e+04 -4.430281213823630242e+04 7.086632110738752999e+03 3.932222388805489118e+03 -4.221095964976542018e+04 -3.476589838619853253e+04 -1.994341896704936516e+04 -2.400063931501705520e+04 -1.961744601500630233e+04 -8.058790834047481439e+03 -5.012907419949051109e+04 -4.099036321137462437e+03 3.872307929723385769e+03 1.033278587842395245e+04 -4.058069713017792674e+04 5.928976379453816662e+03 -2.024672253416988679e+04 -5.033886086066021380e+04 -1.764627763877217149e+04 1.446630968449443026e+04 1.999119464001860979e+04 -3.214034651402052259e+04 -3.430848448658573034e+04
-5.366331028859218583e+06 2.877560170060720295e+06 1.846460601615428552e+07 5.624380021034713835e+07 9.568072022941563278e+06 1.556670478437134298e+06 -3.672376757853977615e+05 -1.360144514244741295e+05 5.213896793948729173e+05 3.256927186369435512e+05 5.773788071045750985e+04 4.026303077231209027e+05 3.534325059630161850e+05 1.606337354323568579e+05 2.440951616615378589e+05 1.961441852247286006e+05 1.080382565444282664e+05 8.173483255440056382e+04 5.060523588172574819e+04 8.771267048814300506e+04 8.668888442239905999e+04 2.794685137182704057e+04 3.017086015952032540e+04 -8.937447224504423502e+04 -5.405339853384441085e+04 3.223899434214418579e+04 2.905232163809431586e+04 3.158180781792673588e+04 4.773920068512286525e+04 1.477668039411556492e+04 4.474629669359124819e+04 -6.655247846949901032e+03 -6.015313919689241629e+03 2.772488539942722491e+04 4.033368344416082982e+04 -1.286620262400887441e+04 -1.371371742771402387e+04 3.398924486180144595e+04 2.216135884312675989e+04 1.479002210233565347e+04 2.651097365544643981e+04 2.657316868716897261e+03 1.341832338975536913e+04 -6.573963462708566112e+03 2.255670475437309142e+04 8.498289609879264390e+03 4.475323768188061877e+03 -2.380061954490621702e+03 -3.704505789808413738e+03 9.944731326003668073e+03 4.900591411247378346e+03 4.209342451845167489e+03 -4.406519576669923481e+03 1.735360423986496926e+03 1.838606824538742558e+03 7.796704276947874632e+02 -9.398163279053822407e+03 -4.337973836475893222e+03 -1.210757605690275341e+04 -1.162226988082560092e+04 -3.659885825862326194e+06 2.094336614096280420e+06 5.499741575451485813e+06 2.135234731674195826e+07 9.549634566581508145e+06 7.134650142514173058e+04 -7.545049039655524539e+05 -1.741357915442340309e+05 8.805189638246953255e+05 -3.975002389972274841e+02 -2.546814105428567273e+05 6.353363449554769322e+05 -6.102396414974606887e+04 4.619520497320272261e+05 5.215915913027386996e+05 1.953661700922741729e+05 8.092081274893823138e+04 1.103414255539319711e+05 4.205049674410973239e+04 -1.110448376316720532e+05 -2.150223465370711056e+05 -9.268473040578703512e+04 -6.189361432689455251e+04 1.023466121676612238e+04 -2.003465440122875634e+03 2.003093217314152571e+05 -2.031410667690265109e+04 -7.068772279683362285e+04 -6.575111739271046827e+04 -3.777233043068714323e+04 -7.056714145084581105e+04 -9.967425424569923780e+04 -5.147648738851662347e+04 -8.735794954749415410e+03 -1.280791746311396309e+04 -6.436315299160378345e+03 -3.165710267025652865e+04 -4.184968296628363896e+04 -4.194202712535520550e+04 -1.013880581110216190e+04 -2.172502222913587684e+04 2.146850238398320653e+04 -2.950557247888762504e+04 -5.451158375752648681e+03 -2.573793829722037117e+04 -1.535189668439065281e+04 6.198480218595026599e+03 -4.362834685802503373e+04 -1.355571450280454883e+04 -2.108080656295036533e+04 -3.280714489515269815e+04 -3.974668706589713838e+04 -2.014149527457160730e+04 -3.259052979864183362e+04 -8.844679038011330704e+03 2.178878525428047851e+03 9.221115527469382869e+02 3.880908922095486105e+03 -2.065858570891258205e+04 -2.525720555524448355e+04
-1.692318549048816552e+06 -4.499991417851874721e+05 1.033695930249537225e+06 9.568072022941563278e+06 3.035278198250771686e+07 6.056472081031318754e+06 1.530873921442375053e+06 3.874147852976343711e+05 1.971648569787126908e+05 7.006309717989573255e+04 1.923346176538691798e+05 4.292203162162089720e+05 1.947428733839464840e+05 1.421598285062052018e+05 -7.108187715358250716e+04 3.734051708938582306e+04 1.058601356721915799e+05 1.199368980225204577e+05 1.072612938552273117e+05 -5.552132122227708351e+02 3.097196905546542621e+04 1.042416731521095207e+05 2.009687407961318058e+03 1.629688791345760183e+04 7.613801967552065616e+04 -7.148368833520540647e+03 6.563308776160257366e+03 -5.463010949371784591e+03 2.819522756876032417e+03 -7.778742768774312026e+03 3.521121642789752514e+04 3.662266764815057832e+04 2.443427890345413834e+04 1.517277966438526528e+04 1.311838454832626485e+04 5.889557148306755153e+03 2.027109816569639179e+03 7.145498668465930677e+03 3.184370301559513791e+03 8.101134527052225167e+03 2.031921051804927265e+04 1.856482295618308854e+03 8.115064933997272192e+02 7.812581588302500677e+03 8.795358629209949868e+03 1.790018448068298676e+04 4.433603376991517507e+03 -2.136951216265677431e+03 8.058635222573432657e+03 1.271375198957674547e+04 3.805242810892792932e+03 -8.620099558853507915e+03 -1.127525446081063819e+04 1.131097416922058301e+03 4.206440985278703124e+02 1.808143054891211705e+03 1.971233295230792919e+03 1.440658793344522337e+02 6.452553229920363265e+03 -7.229365910493613228e+03 -1.750520969012756599e+06 1.908359902451359201e+06 5.013769127798482077e+05 5.635519893216272816e+06 1.474723759624277428e+07 6.435948016832157969e+06 2.432439030425152741e+06 5.353543377877936000e+05 1.261269008888690150e+05 3.051360724932921585e+05 3.571991301934257499e+05 -1.515058306884866324e+05 6.860501317083160393e+04 1.421991678844067501e+05 -1.412416797890140442e+05 1.136397388366461200e+04 5.145540365821577871e+04 -3.240683111297411597e+04 -1.909817352351342561e+05 -1.574630202564963474e+04 6.214216492947679217e+04 4.506595723760601686e+04 1.470745890584503286e+04 1.227138778657390139e+04 -3.189587962852753481e+04 5.282755117777726264e+04 4.312719308441247267e+04 -2.812221127765459460e+04 -9.341805496626831882e+03 -3.139273248908725873e+04 3.002402153217341402e+04 5.321926376037772570e+02 -1.270070571947442113e+04 6.266874944655598938e+02 3.746425362925830268e+04 -6.338072288770939485e+04 7.120495159548710944e+03 2.302860151333933754e+04 1.622300774426194494e+03 -1.224320992301342449e+04 2.754720212458357128e+04 1.333303580109722861e+04 -1.848792877503607087e+04 -1.829828157179068512e+03 -2.789818824691049667e+04 -5.055452586336443346e+03 1.831651515150728301e+04 4.322487639377483902e+03 -1.867670603578498003e+03 -2.270815223171191610e+04 -2.703130494993465982e+04 -3.450780874843645870e+04 -2.715636779843067052e+04 -2.539308647082640528e+04 -2.043514233873993362e+04 5.802563510774295537e+03 -1.239221758663735818e+04 -2.286679151655010719e+04 -1.082390501648314603e+04 -2.005251983986089544e+04
7.809693750258251093e+05 1.250793204541881802e+06 5.223317423351844773e+05 1.556670478437134298e+06 6.056472081031318754e+06 1.767144759956677631e+07 3.289834310464430135e+06 7.023395700830672868e+05 5.148013517558160820e+05 1.867765627048630849e+05 2.962684783839964657e+05 1.356109223840194754e+05 6.817507991672502249e+04 3.898273051621407603e+02 1.146273296089343494e+05 9.791630572263721842e+04 1.490403329109100159e+05 9.234115075454849284e+04 7.667479699764994439e+04 1.362843670253450182e+04 6.914719835446834622e+04 2.549064667217126771e+04 4.068442853444782668e+04 6.705048072233183484e+04 8.491102922442235285e+04 4.043539972818932438e+04 9.751019551065090127e+03 -1.515766211725212997e+02 3.624323632466771232e+04 2.991323453350199998e+04 3.478760102517395717e+04 2.718370664780415973e+04 2.707395543969523715e+04 1.912269494041518556e+04 9.596279801322254571e+03 1.695793019759762683e+04 1.988547406604773278e+04 2.184764135408437505e+04 1.076796403378870127e+04 3.063174382620266897e+03 1.100180786138228723e+04 8.664785476656899846e+03 2.243349533007570062e+04 2.813023710401437711e+04 2.051064216396443226e+04 1.795564061822603617e+04 4.541468927573349902e+03 6.797522029481688151e+03 9.011925680641865256e+03 1.944873619758678160e+03 5.082534530480468675e+03 7.198254070023141139e+03 4.299489223884219427e+03 7.791107637950507524e+03 2.079898405417251297e+02 7.087575089608213830e+02 -2.795281465948886307e+03 -1.590305963420382795e+03 5.658041434889719312e+03 3.370262908130106098e+03 -5.041637695898697712e+06 6.190113583599334583e+06 2.581260223953214940e+06 2.772211504634604789e+06 5.106687037088746205e+06 1.009928006300206110e+07 2.680702594377592672e+06 1.294811564664334728e+05 5.027689782396936789e+05 4.571712548245593789e+05 6.695745936279213056e+05 1.936523301626229950e+05 1.148234257223649474e+05 -2.362663003314398520e+05 2.314496124518724100e+05 2.274666012171441107e+05 2.140673122127554088e+05 -6.565427137471381866e+04 1.459379871463104209e+05 3.377409089558227424e+04 -2.353893412307825656e+03 6.299496155432047090e+04 3.348848335318984027e+04 1.317822667386993453e+04 6.597835282039059166e+03 4.257599516948009114e+04 2.551017012587469435e+04 1.003899153743407260e+04 4.238043768812092821e+03 1.561948831292196155e+04 2.992525384800809843e+04 4.310761218412568996e+04 -6.754967950686459517e+03 2.359023932267258351e+04 2.081443149622444616e+04 -2.091080695585119611e+04 4.908261632188698059e+03 -4.914607406926154908e+03 1.075716839161303142e+04 4.849380101694542873e+02 3.394896749203882064e+04 3.756005441517860163e+04 2.063429235072469237e+04 5.574270019692820824e+03 -6.166023097705876353e+03 7.645419871964088088e+03 8.213179938961066000e+02 -1.067385179493674332e+04 1.646935247144489404e+04 -1.973261160983133095e+03 -4.196258657289777148e+03 -4.255933423196512194e+03 1.666217866667202543e+04 1.053063256022755559e+04 6.934819524967449979e+03 7.490190928833011640e+03 -1.000635502880613967e+04 7.178715716320835782e+03 1.641851349197159152e+03 -5.311432789199495346e+03
2.765930779501131736e+06 1.425672200690938393e+06 3.449528734223385691e+05 -3.672376757853977615e+05 1.530873921442375053e+06 3.289834310464430135e+06 9.768558953629869968e+06 1.839457409390018089e+06 5.479881073469391558e+05 2.321355710771571903e+05 1.224959800556597038e+05 1.190536497731195414e+05 6.462773706644569029e+04 3.888158822036864876e+04 2.186948495886951787e+04 -3.539793759970651990e+03 6.093784096831863280e+04 2.284761285643340671e+04 5.275146715150497766e+04 3.850188336374016944e+04 5.217872670475519408e+04 4.425338213920858107e+04 6.289622030496463412e+04 5.645160563579125301e+04 5.534266894784575561e+04 2.008716022404643081e+04 1.758103373708337313e+04 3.488396542738089192e+04 1.872871975968030165e+04 1.799266531014969951e+04 1.640688362119867816e+04 1.196719035078469096e+04 1.885979607979497450e+04 1.892567302230949645e+04 2.541202773973251897e+04 1.062565451557630877e+04 1.305234734543951890e+04 9.666103427879330411e+03 4.470106896027540643e+03 8.500440352110712183e+02 6.758664021791832965e+03 7.081230955831902975e+03 3.652090053505830383e+03 9.683817712255331571e+03 7.415826140136217873e+03 2.899292357624651686e+03 1.362918004943167944e+03 4.638789556714335959e+03 4.403727011095423222e+03 9.258817899291199183e+02 4.434382757217601466e+03 4.476006389928718818e+03 -1.149352852620659860e+03 6.445471144829883997e+03 -2.136386637223668856e+02 3.347112023081133884e+03 2.419246842680638565e+03 2.559794604601677747e+03 5.716667996970375498e+03 1.546204685507292197e+03 -1.737202381366271758e+06 2.728323490942912642e+06 2.069549067331782309e+06 5.606241019690746907e+04 2.801130571134164929e+05 3.867595048446699977e+06 5.524628946473708376e+06 1.954293354650171706e+06 7.283626933357395465e+05 1.650851521447675768e+05 1.259227849395701342e+05 -2.497665083582089865e+05 1.812149709042858158e+05 9.365074325933637738e+04 -9.235462237565853866e+04 -6.566999620185888489e+04 -6.381816573156624509e+04 -8.423276144277819549e+04 1.229380053373949049e+05 -4.367651647904738638e+03 5.590240207704202476e+04 1.203727616667853436e+05 9.460175024769535230e+04 1.024547714109423396e+03 9.016542862818516369e+03 4.629307729526248295e+04 4.113459373896847683e+04 3.322168497561569529e+04 1.063947695098457007e+04 6.493972769134998089e+03 3.853645178842911264e+04 1.674051580773547903e+04 -1.135882108698396951e+04 1.109611413464873658e+04 9.960861780664055232e+02 1.209513538564458395e+04 -1.927009631495528083e+04 -6.658861930423873673e+03 7.707000231889799579e+03 1.064817328305635783e+04 1.015905130649472267e+04 -2.914008936762946178e+03 -1.733204461321573035e+04 -1.665359568159148694e+04 5.824125311608836455e+03 1.706309422049581553e+04 1.573745629661112980e+04 6.952761874484660439e+03 9.656049114939996798e+03 -2.997026314630654724e+03 5.790203659159325980e+03 -9.639890233232192259e+03 -2.169089050956366918e+03 -1.130951723122574913e+04 -1.310939408425447618e+04 -1.155123711905419214e+03 3.695213602279830866e+03 4.747249114728570930e+03 3.189195737650962656e+03 -4.589404321250399335e+03
-1.365288499063238269e+06 9.465898166299583390e+05 -6.632321631734377297e+04 -1.360144514244741295e+05 3.874147852976343711e+05 7.023395700830672868e+05 1.839457409390018089e+06 5.587915216968582943e+06 1.213588166169947712e+06 4.395842446739892475e+05 1.717500927124679438e+05 1.947829155144340766e+05 1.656389620899294969e+05 1.209511719522663188e+05 7.491777883963196655e+04 4.653110210727595404e+04 4.564990432630068244e+04 6.608807406925538089e+04 4.960407172947453364e+04 2.119123413680836529e+04 3.664992640833003679e+04 6.559288907469387050e+04 4.647088753444444592e+04 2.443596863634284455e+04 1.353852646048329007e+04 3.287695290631054377e+03 2.967489882505271089e+04 3.062403715019315132e+04 2.200082863122477647e+04 2.033826455681899461e+04 2.390282608048365364e+04 1.923799753443876398e+04 2.870138816309878530e+04 1.461607146333620585e+04 1.577329669433166964e+04 1.985940112427482018e+04 1.318108084823635181e+04 1.804805830911846715e+04 1.985006185099568029e+04 1.138205582979279279e+04 1.450454921620243840e+04 7.230440924531350902e+03 6.328190925038949899e+03 1.497965677123723071e+04 1.384068148270907113e+04 8.022917692625639575e+03 5.515892871273131277e+03 4.947533460683696831e+03 2.923194499875932252e+03 7.564734402855161534e+03 4.377542572778018439e+03 6.663678196196035060e+03 1.431427791608129155e+03 4.870550350108402199e+03 4.583268760583334370e+03 8.387553242004309141e+03 7.300151468950380149e+03 3.742028310227238308e+03 3.167930223587491582e+03 4.941571869485064781e+03 5.619493546956841601e+05 -6.045237906414995450e+03 1.627425429872052046e+06 3.112990747718185885e+05 -8.546989569123735419e+05 -1.086436642177715839e+05 1.746345007524675690e+06 3.107384558203984518e+06 9.242013943837722763e+05 2.746697122868255829e+05 4.265651915853554965e+05 4.736935558962255600e+05 2.599420476987930888e+05 1.265935148948327260e+05 -8.038106698347619385e+04 3.355836546252896369e+04 4.199501113781402091e+04 1.160577735921459498e+04 1.040596748057637451e+05 4.869763092040570336e+04 7.613291646272742946e+04 5.641156412903604360e+04 5.760781237019498803e+04 7.801329751597219001e+03 5.977834132905620208e+04 4.047893967469160998e+04 3.742430322813303064e+04 2.595589946173324279e+04 6.103397598796829698e+04 -9.485241561540113253e+03 2.823400784969257074e+03 1.660245886117644886e+03 -2.101345460672282570e+03 4.624031580552180003e+02 1.366773242700445917e+04 -3.828266445123572794e+03 1.667720087357831653e+04 -6.472855451539611749e+03 6.917848536743375917e+03 -7.096108533940703182e+02 5.273924331673248162e+03 2.774895766262708639e+04 1.218876772610872467e+04 1.954433335511287078e+04 2.003446806542806735e+04 7.012694502941991232e+03 8.113159461050078789e+03 2.101635906579273433e+04 4.753873602159780489e+02 -7.290528498160225354e+03 3.384917066250521202e+03 -9.373782452016301932e+02 -1.586287817517637677e+03 -5.959193660557022667e+03 -3.006581033879265760e+03 5.405766739071013035e+03 -8.732923163244724492e+03 1.954016725797457639e+03 2.777088328200393789e+03 -1.618366874264724174e+03
-4.732691810327825369e+05 7.438537293866904220e+05 5.294220432271050522e+05 5.213896793948729173e+05 1.971648569787126908e+05 5.148013517558160820e+05 5.479881073469391558e+05 1.213588166169947712e+06 3.775480829407075886e+06 7.456340540080280043e+05 1.773897768326218938e+05 9.995166819356936321e+04 6.506543866030368372e+04 8.193410673314555606e+04 1.143091554886606900e+05 4.112016249745254754e+04 3.560889409579947824e+04 3.508061923000415118e+04 2.856138846112924148e+04 4.079484254628053168e+04 4.297011440105518705e+04 6.139671538956831500e+04 3.573301950596294046e+04 3.004675202206163522e+04 3.472000301188189769e+04 2.191722370380527718e+04 1.298332912342900818e+04 1.788358997038111556e+04 1.435096832997843921e+04 2.244181697771821928e+04 1.304134661768750630e+04 1.419603249411797333e+04 1.305887355481510349e+04 1.153902458037891302e+04 1.238798278680024487e+04 1.378410276065102698e+04 1.247663255106299221e+04 7.789806394268865915e+03 1.572811916677012232e+04 1.112138153765466086e+04 9.985778904067639814e+03 1.376965622544977350e+03 9.706067119323350198e+03 4.301637578222992488e+03 4.952259533082195048e+03 -4.805232346245192048e+02 7.126006810648257670e+03 7.916431488924106816e+03 7.717619480607312653e+03 3.992574919363441495e+03 2.462186835891226110e+03 4.381792500177247348e+03 2.912200267038066613e+03 1.501360710720915677e+03 5.029900242786211493e+03 4.635437909732145272e+03 2.974445200179322001e+03 8.343794077868690238e+02 2.258908283325501543e+03 2.868463510709733328e+03 -2.005726419712001923e+06 3.692998399083845288e+04 -9.254797598993921420e+05 -2.876954769533667713e+05 2.448914527772428701e+05 9.309905740067751613e+05 4.649188901738547138e+05 1.142116775190952932e+06 1.873597405822136439e+06 4.779450726957148872e+05 4.108624014119736967e+05 2.364394190104826703e+05 8.237742145295949013e+04 6.514249846934413654e+04 1.268002161192851490e+05 1.213729840488606133e+05 -3.135603352420845567e+03 -6.008590767895698264e+03 3.848534718356560188e+04 5.924518134781609842e+04 9.065319072813011007e+04 4.996195059894650331e+04 2.312263833307842651e+04 2.031359591628730777e+04 6.542072698412213504e+04 2.298661450426118972e+04 -2.137429905623915693e+04 8.298331808863038532e+03 1.727689646963854466e+04 6.387073414739224063e+03 1.633309849353072786e+04 -1.262986659744300050e+04 -4.532009779413498109e+03 -2.117936352604888270e+03 -1.078752006243988399e+04 1.814355888987465050e+03 9.827072050490478432e+03 -1.623946404627071024e+04 -1.410201627397718084e+03 1.962988596030442750e+03 1.369102489773559319e+04 7.632751275653717130e+03 -1.664072043259692180e+01 1.205161598534619225e+04 1.031462136463689058e+04 1.718441351199801375e+03 2.017320480081039204e+04 1.614670671468929504e+04 4.843094825021691577e+03 2.982588851213919042e+03 -4.768679643177800926e+02 1.238362311425142479e+03 1.749769105296569251e+03 6.343469542310735960e+03 -2.918202573364758791e+03 1.538928301855867176e+03 2.638123111382993557e+03 1.497887683726434489e+03 5.203622596835125478e+02 -1.031590408992096854e+03
2.877876198671943857e+05 -2.326141989998228091e+05 1.163057920097344759e+05 3.256927186369435512e+05 7.006309717989573255e+04 1.867765627048630849e+05 2.321355710771571903e+05 4.395842446739892475e+05 7.456340540080280043e+05 2.340063230231398251e+06 5.234494915730528301e+05 1.227128105262464669e+05 8.109050963804700586e+04 3.764697275951667689e+04 2.764234955520847871e+04 1.077693053771531049e+04 2.254754420226248840e+04 3.624389291835229960e+04 3.965566115834528318e+04 4.250027822043314518e+04 2.890105806690238751e+04 2.298407078416009244e+04 2.790443245865711651e+04 2.040689975974752815e+04 1.220435166045201549e+04 5.730326334288757607e+03 1.583642291740776272e+04 2.423739526436364758e+04 1.366342981366216736e+04 2.258650204172360827e+04 9.253303683500247644e+03 1.411272156903489122e+04 1.366895971079913761e+04 8.889373511401036012e+03 6.924054021544498028e+03 6.781103352493728380e+03 7.700241542326638410e+03 2.794470074678640231e+03 1.035091265239052154e+04 5.896849187509552394e+03 2.386692736152579073e+03 7.474115969952214982e+03 3.320252649412632309e+03 5.803895934941961968e+03 3.548656545925633054e+03 1.882948589507889665e+03 6.284025545952367793e+03 4.292260602065338389e+03 9.360238782068727232e+02 2.950187472699185946e+03 3.459263038659866652e+03 2.899180290733197126e+03 1.955867964845636379e+03 2.013700422149719884e+02 4.842562698298964278e+03 4.347871447085294676e+03 2.474098358923698015e+03 6.496935252417714537e+02 3.062396619428780923e+03 3.494869927067427852e+03 -9.851606470096987905e+05 1.327850127343625529e+06 7.201121421099174768e+04 -4.717648710306290304e+05 4.438864564518194529e+05 7.876727376425046241e+05 3.719703619121552329e+05 3.557590653409122024e+05 6.611719367694900138e+05 1.077498642369960435e+06 5.094616620657432941e+05 1.017693312942234625e+05 1.074234487969762122e+05 7.207139676957801566e+04 -2.249753284000794793e+03 -1.491602682664809436e+04 -8.306404512603337935e+04 1.831484624100815199e+04 4.204111824446779792e+04 4.676829532258907420e+04 6.854340260485997715e+04 3.076969198534150564e+04 1.854199226721086234e+04 4.495106641410737211e+04 5.301377728503219259e+04 4.164780140080754063e+04 6.309687477500404384e+03 2.411139025450830741e+04 1.190583232468340066e+04 1.864218272107906159e+04 2.089817633708914218e+04 1.755578048580049290e+04 3.021062441875208606e+04 2.821027292970468261e+04 1.384983911343964428e+04 1.273127881583854469e+04 2.722880607411094024e+04 9.036089000794223466e+03 6.611156792598633729e+03 1.496925009824810786e+03 8.476612791094268687e+03 5.263824380673526321e+03 2.610322074433425769e+03 3.420570640845498474e+03 1.206079414285997882e+04 1.831465441747746809e+03 8.921431297680879652e+03 1.519628642757322450e+04 3.824298006326434461e+03 6.415694339929533271e+03 4.722882154838831411e+03 5.219503388706707483e+03 -8.569587087362897364e+02 1.892372418064908516e+03 1.662903925273173854e+03 6.199758283057190056e+03 3.089679496200407357e+03 5.250511835671930385e+03 7.508855604781555485e+03 9.119777547387246841e+02
-3.813812340053608059e+05 -2.210495536518806766e+05 -1.572426629515442801e+04 5.773788071045750985e+04 1.923346176538691798e+05 2.962684783839964657e+05 1.224959800556597038e+05 1.717500927124679438e+05 1.773897768326218938e+05 5.234494915730528301e+05 1.678142027962404769e+06 3.666307168871270260e+05 8.431388827429912635e+04 3.742035361070032377e+04 5.827747827159892040e+04 2.820401551918587211e+04 3.502157655360738136e+04 3.998515739631358883e+04 3.698434339630973409e+04 4.133207303270601551e+04 2.279525040192676170e+04 1.748554898788147693e+04 1.887322058117155029e+04 2.411886957939594504e+04 1.104197361545667809e+04 3.941096426926250842e+03 1.501732448100980218e+04 9.569603907800474190e+03 1.407583075384613585e+04 1.752656725085446305e+04 1.453056046894846804e+04 9.609358767486970464e+03 1.577367956588005654e+04 1.140736413139798606e+04 3.215736054475665696e+03 7.597131523405056214e+03 1.176982300586556266e+04 8.186241131780104297e+03 1.168176805722409881e+04 5.927220208165717850e+03 3.707993536318871065e+03 2.622730976033868501e+03 2.255884773562526334e+03 8.324753593189414460e+03 5.425529434055080856e+03 4.117066625205132368e+03 1.458806316400041851e+03 4.085764679296760733e+03 2.111261313438382786e+03 1.570762710760517393e+03 1.653232326404684954e+03 2.011158315971635602e+03 3.699542635340960715e+03 9.934365394994889584e+02 2.007746273209465016e+03 3.574918571080582751e+03 1.357548347307509630e+03 9.523581469647939457e+02 1.618682951742928026e+03 2.793784792710171132e+03 -9.251143744718017988e+05 -9.472904880266041728e+05 2.606030208604226209e+04 5.008089363517037127e+05 1.385024107522951381e+05 -9.292080484149325639e+04 -1.313054140741026094e+04 -3.575072372924640513e+04 -1.752233777605700379e+04 1.683243805221980729e+05 8.708169590680917026e+05 3.751081620973389945e+05 1.315631818385204533e+05 6.264675935564675456e+04 1.139683649685671480e+04 2.337464571184008673e+04 1.207978441219381602e+04 4.114355153814270307e+04 4.713255742895377625e+04 3.516692884061461882e+03 5.654766121086131534e+03 1.740684821843849204e+04 4.612704194747361908e+04 3.788278278280195082e+04 4.947071247591941210e+04 3.762752397821121849e+04 2.488706954281274375e+04 3.476716407817606523e+04 1.723726825678541354e+04 2.499504049868283983e+04 2.029251673325531738e+04 2.479265310008646338e+04 2.235957269904941131e+04 2.823063265726235477e+04 1.984429126298585106e+04 8.956331861247535926e+03 1.903796994051081492e+04 5.878264647639660325e+03 1.013925282173394407e+04 1.103744036808621968e+04 5.324955708054205388e+03 9.944979715449767355e+02 9.654653909876765283e+02 7.417174066017008954e+03 7.077538846437624670e+03 2.133244768142832072e+03 2.805298807087458044e+03 6.135381783811247260e+03 3.188022104650814981e+03 2.816211770026006889e+02 1.560442023131693531e+03 1.396915095982360072e+03 1.776866522515141241e+03 -2.010649554598061059e+03 1.444879851347142903e+03 6.983807498417814713e+03 1.101970195984592465e+03 2.953893949320750835e+03 3.437468919672483480e+03 -3.474412337512404065e+03
1.704853741335542582e+05 -5.270258734204060165e+05 2.699916517801156733e+05 4.026303077231209027e+05 4.292203162162089720e+05 1.356109223840194754e+05 1.190536497731195414e+05 1.947829155144340766e+05 9.995166819356936321e+04 1.227128105262464669e+05 3.666307168871270260e+05 1.308019859020813601e+06 2.990233781744959997e+05 4.429497763881305582e+04 3.627095465346104174e+04 2.538999159652465823e+04 3.531649008224690624e+04 3.575445298093437304e+04 2.760814740133233863e+04 2.537231574284583257e+04 1.019969327804884961e+04 1.499560555606813250e+04 1.463014835333051087e+04 1.372117665820025650e+04 1.719411626789014190e+04 5.470406770798356774e+03 8.816439022220985862e+03 7.987914844651655585e+03 1.886684851844830700e+04 1.262085350858299535e+04 9.845906730550812426e+03 9.587985909741684736e+03 1.388926717840369747e+04 9.067335749638868947e+03 6.632839649569108587e+03 7.499273662373665502e+03 5.740607769914329765e+03 6.332812185379910261e+03 4.315587780519623266e+03 6.879206260292316074e+03 5.356134576709536304e+03 1.792474613170555813e+03 3.500606534317581463e+03 2.363378098742526618e+03 6.443454922441290364e+03 5.597681575750139018e+03 4.369784628171091754e+03 3.372546439933532838e+03 3.982538684076053869e+03 5.089502856228730707e+03 5.718843890191803894e+02 2.902031240415186403e+03 9.669203270391914202e+02 2.947114964710170170e+03 3.567636680291455832e+03 5.138854991138894547e+03 4.216110333594627264e+03 1.972566496863270913e+03 1.908978846623394929e+03 2.222436555877298815e+03 -2.583842231112519745e+06 7.471021439478612738e+05 6.510533776345774822e+04 5.774456974500474753e+05 4.016157806586481165e+05 -1.349914596794091631e+05 9.132553408559671880e+03 1.063746505942832591e+05 1.554679489121143524e+04 1.157804530133360822e+05 3.227776125199077069e+05 6.740143076675828779e+05 2.966475154626119183e+05 1.102465841562655842e+05 9.033261827481439468e+03 7.562542419652805256e+04 3.769740328064841015e+04 6.318950617466089170e+03 -1.859298641199148676e+02 3.596638471010367539e+03 2.487486541625342852e+03 -9.793236235804779426e+03 2.594480657255762344e+04 1.971973220929114177e+04 1.345172229374733433e+04 3.091589782448018377e+04 7.756862159122454614e+03 1.295227297343818645e+04 1.640415184566925018e+04 1.973875684388692753e+04 1.254218388684514684e+04 9.168964430745614663e+03 1.580548390999450930e+04 2.662921122445671062e+04 1.052493983362274412e+04 8.301357707069884782e+03 3.093701519044154338e+03 -6.385226835712510365e+03 6.178541140305700537e+03 -3.273117053661319005e+03 6.979755398499800322e+03 7.002602488504998291e+03 6.235681863337558752e+02 3.361028234458239240e+03 2.293506897164284965e+03 -3.339403054726380560e+03 3.162370954583018829e+03 3.351070327686813471e+03 3.033097563759031800e+03 4.955883348814621058e+03 2.937466267517536380e+03 2.334603618594327600e+03 -1.422481596393958228e+02 -1.538590982843445545e+03 9.603594604204052985e+02 1.507018951994687654e+02 -1.428234088369268875e+03 1.208307033515583981e+02 1.172359121554227634e+01 2.527945696486222459e+03
7.956033027969090035e+05 1.147851325986368902e+05 4.795806164473709650e+05 3.534325059630161850e+05 1.947428733839464840e+05 6.817507991672502249e+04 6.462773706644569029e+04 1.656389620899294969e+05 6.506543866030368372e+04 8.109050963804700586e+04 8.431388827429912635e+04 2.990233781744959997e+05 9.308725788551436272e+05 2.063324747760465543e+05 3.885388878914119414e+04 4.089846574368544680e+04 4.237355846946367092e+04 2.446302248609341041e+04 3.325473832546009362e+04 2.319744868744182168e+04 2.050704676502810253e+04 2.094685472152226794e+04 2.264704950196982827e+04 1.258745419294051317e+04 1.584458230594218549e+04 1.364644671271506922e+04 1.281688022020841527e+04 1.258356371505223069e+04 9.873912337375882998e+03 1.014744490743670394e+04 6.071169777219719435e+03 5.851916339849256474e+03 4.842896054896706119e+03 6.371338274262587220e+03 9.567049762811248002e+03 4.260653225139881215e+03 4.284661249921526178e+03 8.939734393152524717e+03 6.983019683446091221e+03 4.160795403415716464e+03 4.182597448656052620e+03 5.367031844834873482e+03 5.760493491042056121e+03 7.479867511318255310e+03 4.277020717023716315e+03 5.814701693609842550e+03 3.886193907173370008e+03 2.614622232544242706e+03 3.431449904226990839e+03 2.110238355872591455e+03 9.879640520106460144e+02 2.580220127304476591e+03 1.280537439785166043e+03 1.206933544282592948e+03 1.184151980652429529e+03 2.739584163631701358e+03 2.383473963700933837e+03 1.039928576368044020e+02 1.931309965135485982e+03 2.277449519088049783e+03 -4.811462469528405927e+05 4.313443721227798378e+05 1.248467516089315322e+05 -9.668346359114080769e+03 1.071695264816034905e+05 6.043439233592382516e+04 -4.300555530474845000e+04 9.946880000441557786e+04 5.479612107136721897e+04 1.128999296308855119e+05 2.655467541437757245e+04 1.651305667925286980e+05 4.448965630309709813e+05 1.873379502970413014e+05 2.262547140142285207e+04 3.548998001284175552e+04 5.068375947233640181e+04 5.959719222076896403e+04 3.029801927522885671e+04 8.580709231387810405e+02 2.426109302257592208e+04 9.442545261786261108e+03 1.759534769333411168e+04 1.495213039274820585e+04 2.571073226533207708e+04 5.755664462939309487e+03 5.918362392532558260e+03 6.386122346668468708e+03 1.381724927563176971e+04 1.477980513012351366e+04 1.463822301434764449e+04 8.011533639907953329e+03 3.386554368992953641e+03 2.006821351598612091e+04 1.793352786857470846e+03 3.392780512393560912e+03 6.159496567634936582e+03 5.628568954356886934e+03 6.827934562054289017e+03 3.382483967536476030e+03 4.914103683809246832e+03 5.005954637941047622e+03 4.280624884994475906e+03 -3.470186259594618605e+03 4.304830184460874079e+03 1.317595943892572905e+03 2.850742147346420552e+02 2.549554972680460196e+03 1.061274070493380123e+03 2.748688800416981849e+03 -4.935986797697916018e+02 1.361970030113262510e+03 -8.108073229502681443e+02 -1.300319698452479315e+03 -1.522195296384242511e+03 -1.130371984431857300e+03 1.570048422378819851e+03 2.494977129167630210e+03 1.372527049871478312e+03 6.382687444655715581e+02
