2.079141674806525707e+09 4.201791101544546485e+08 5.709058250259909034e+07 1.390521859626265615e+07 4.161475990215921775e+06 -1.565952357305059268e+05 -3.113155466218213085e+06 -1.374490011113829212e+06 -1.031474713570720749e+06 -9.211813680394740077e+05 4.082388439999595721e+04 4.939372730022345204e+05 1.525909146135691786e+06 1.300910640847939794e+05 -4.625888824353275704e+05 -9.934191768043845514e+03 -8.743984114676396130e+05 6.324169765725733014e+05 -3.727860661445506266e+05 -2.779988644028597628e+05 -2.083948053697888390e+05 -9.887318007455576444e+05 -3.753458647580133984e+05 1.608061663769206789e+05 -2.996351920130220824e+05 -5.289093211551571731e+05 -4.194075822418920579e+05 -3.597363833614820614e+05 -6.755338434878284170e+04 -4.516875694890257728e+04 -1.664907566041974933e+05 -6.236753676025685854e+05 -1.759852696048471844e+05 -1.530434020581142104e+05 -2.671152949710490648e+05 -2.717486690845700214e+05 -1.583584942853886168e+05 1.669691410390981182e+05 5.396075533195497701e+04 -7.009589986361036426e+04 -2.230198736097810615e+05 -3.945040364202157361e+05 -3.820434696012862842e+05 -1.700789327409795078e+05 -1.820278484754903766e+05 -1.928836099570463994e+05 -2.371772143822647922e+05 -1.531390658558174327e+05 -1.018638035540874262e+05 -1.810539882780232001e+05 -1.626184807053873083e+05 -1.272212093182006647e+05 -1.137017611407133518e+05 -1.445801918085890939e+05 -5.965265642948103050e+04 -8.317097621879125654e+04 -2.622246270358029287e+05 -1.562869029892365506e+05 -7.180553878999772132e+04 -9.824159143845352810e+04 -3.303672235994319916e+09 5.465621634663454294e+08 4.191167201224283874e+07 -1.524033023384789005e+07 -2.981553715577911586e+07 -1.961641774302405771e+06 9.148902401554686949e+06 1.090497930286274664e+07 -1.292658022112528095e+06 -2.821105153141582850e+05 -2.845658397611736786e+06 2.258541231240003253e+05 -7.852586151609835215e+05 6.013773684159895638e+05 4.782792458826234797e+05 -1.565973405598093756e+06 -1.005572904049800360e+06 -2.369524905239584856e+06 1.115664071073855041e+06 -1.245107756898712396e+05 -5.440760631644964633e+03 -6.759936740539965685e+05 -2.992893367480147164e+06 -1.152410791921970900e+06 -1.198104944345232332e+06 -2.248653705205786973e+05 5.758270511364629783e+04 5.562076995457868325e+05 -6.431405781377635431e+05 -8.243609432501986157e+05 -4.432572552111637197e+04 3.477942897016343777e+05 -3.499122819874692941e+05 -3.492063911837350461e+05 -4.399931278893037961e+04 1.220884793925378181e+05 6.449914399589314598e+03 -4.025335484204731183e+05 -5.228030129792313091e+05 -5.350102354984187987e+05 4.704701745488936431e+05 3.059897058372079628e+05 4.889398905417515780e+05 -7.819403638155691442e+04 -3.397483658734610071e+05 -2.446971040926557325e+05 -2.560767932572524296e+05 4.360072422452920728e+04 -4.719744466920770356e+05 -3.441983642496716348e+05 -2.796377569920594105e+05 -2.047002818755344488e+05 -5.044726716993033770e+05 -8.888439071527271881e+04 -2.312128916617546565e+03 1.398995389131708362e+05 -1.633827680412617628e+05 -2.090521825008781452e+05 -1.894056081639254407e+05 8.157507929255870113e+04
4.201791101544546485e+08 4.131106284292563200e+08 9.953094600278036296e+07 1.933350596668138728e+07 7.996932794371964410e+06 3.283717792781902477e+06 -4.356800971857508994e+05 -3.157329229779801099e+05 6.029356332455475349e+05 4.192221890696429764e+05 -2.396998078975756071e+05 6.893265561025333591e+05 1.517955961439452833e+06 9.438785431348953862e+05 -5.641422073846017011e+05 -3.759299752241316601e+05 5.170467825790270581e+05 4.208342753569414344e+04 -5.202112772323054378e+04 3.141662697341037710e+04 -4.106007629961520433e+04 -1.990087881781023752e+05 7.608759554470365401e+04 2.677771039768042392e+05 2.828512996552404366e+05 6.423868295760092587e+04 -1.173582507866076194e+05 -3.570322282735187400e+03 1.138196758732997114e+05 2.518698508240423689e+05 -4.241879494129491650e+04 -7.294507829224600573e+04 9.435920288590068594e+03 1.252794818100539123e+04 1.448390640128095110e+05 5.147019598343855614e+04 4.079342779822050943e+04 6.204390498013215984e+04 3.310176575581916404e+04 -5.085519741348325624e+03 3.068087274953020824e+04 -4.821947608362170286e+04 -1.566275804023055798e+03 1.936977041499877487e+03 3.329980810017137264e+04 -1.874096916922905075e+04 -4.300645241774502938e+04 -3.390243710196290522e+03 9.578840684036518724e+03 -1.536388575470530122e+04 1.853417556807934670e+04 -3.485450500805953652e+03 8.553144975301393060e+03 -1.964571884005438187e+04 2.036269748484184447e+03 2.909817194890488099e+04 -6.116306618729903130e+04 -3.423664188141513478e+03 -1.908878082092417026e+04 -1.135016302272734902e+04 -6.569086354137015343e+08 1.577837138666402996e+08 1.457252567832298875e+08 3.882680696230112761e+07 3.169482570473610889e+06 2.112128049662317149e+06 -2.193688957334370352e+06 6.099165449025027454e+06 2.476372257137141190e+06 -1.190711029102570377e+06 -2.949350472988482215e+05 1.041580278184446623e+06 1.538254197869802359e+06 1.013350798748306348e+06 1.207676503804410109e+06 4.132458108634623350e+05 -5.293141520257275552e+05 3.453451413650824106e+05 9.150761081532427343e+05 -1.350299306330975378e+05 -1.962697153683618817e+05 5.407856342862218298e+04 -3.849864272091367748e+05 -8.693671595747015090e+04 -4.513270871778089204e+05 -4.905304578030905104e+05 -3.203078724892645550e+04 1.928785779756622505e+05 -8.929204719487404873e+03 -3.466576300029091726e+03 -8.381575217438027903e+04 -2.090771400992616691e+04 -1.659173145535249496e+05 3.310621647131121717e+05 1.869613143299090734e+05 1.214603687319132150e+05 1.848923560498808729e+04 -1.215741067129603907e+05 -1.235297796175031108e+05 -1.655546307034897909e+05 4.876287606329750270e+04 -9.858206495470152004e+04 -1.845930115590640753e+03 2.751658686863986441e+04 -9.163175102648693428e+04 -8.310646170734343468e+04 -1.676250009668312559e+05 4.033909607975577092e+04 -1.381630121548097522e+05 -2.692312172134511638e+05 -2.262950670424052805e+05 3.311856566282212589e+04 -9.836916799379007716e+04 -7.816759669867356934e+03 -3.100999180070805960e+04 -1.056898423243898287e+05 -3.336182544001499627e+04 -1.029370091441976692e+05 -5.162325023030152079e+04 3.050306558624719764e+04
5.709058250259909034e+07 9.953094600278036296e+07 1.487989323208460510e+08 4.408760726949659735e+07 9.535706294639527798e+06 3.518889644118278753e+06 6.469862776437522843e+05 -9.611616498927259818e+05 1.699290288226293342e+05 6.936417401036868105e+05 3.540094432880156673e+05 1.937381340603150602e+05 1.336543386538221966e+05 3.984074752646978595e+05 2.098805978172231116e+05 4.267290101437444537e+04 3.783536826936423895e+05 1.473629956289500988e+05 1.304599290483788645e+05 4.637381378141039750e+04 2.858726662096995642e+04 1.931132192834604575e+04 8.144004181739814521e+04 4.338990957566528959e+04 9.803719910801216611e+04 4.928888376287128631e+04 4.759069819536770956e+04 1.243818177158313920e+05 1.511448846136792272e+05 2.782237762168627814e+05 8.570142202331074805e+04 1.057777227158826918e+03 4.593630141053793341e+04 2.579660486781032159e+04 1.343510921015415806e+05 9.522064303037129866e+04 8.709997350783896763e+03 2.394825089363061124e+04 2.525827291771687305e+04 -5.505419426419563933e+03 4.498964126543138991e+04 3.777006341337358026e+04 3.714784749273605848e+04 1.548566074250329621e+04 -1.568387644498419104e+04 -2.652995460286579328e+04 -4.106336439019462705e+04 -3.891595922226311086e+04 2.471274660917655183e+03 1.094201892750346087e+04 1.790856820170232095e+04 6.984554065809843451e+03 5.976330918774956444e+03 -9.210641929652480030e+03 -1.098142005802500171e+04 8.765002321436466445e+03 -1.235998279571562307e+04 1.596620828641224534e+03 -1.024566897044271718e+04 1.257061953956254911e+04 -9.207716655096697807e+07 3.689248314345367253e+07 3.154639106367355213e+07 6.884374564083255827e+07 1.890022681928731129e+07 8.332912478837063536e+06 -4.005246347507176106e+05 -2.468804280132735148e+06 -4.140265222967790905e+05 7.332117726186059881e+05 1.224205446413625963e+06 -6.519183190261146956e+04 -1.466105601736789977e+05 -9.213284339246235322e+05 -5.610084030743245967e+05 1.887438181798590522e+05 3.826977202558374847e+04 -2.116283444977368927e+05 -1.702363192744767002e+05 -6.320538058764245943e+04 -9.992399083447226076e+03 2.330888372718962783e+05 4.035930174390437896e+05 3.637954372735265060e+05 3.131607151956807938e+05 -1.501290499225151725e+05 1.297283640731998166e+05 7.729673085978247400e+04 2.301394542844151147e+05 1.852155163295054808e+05 1.743289449946100067e+05 -1.693464716297844643e+04 -5.606384224550195540e+03 1.779822066261307627e+05 1.322665935034803697e+05 1.467490788299853739e+05 5.362268535236876232e+03 -9.752315933569218032e+04 -4.221765199615823076e+04 -6.474842705013464183e+03 -1.544019905576920428e+04 1.222260944116618157e+04 -2.955090760684382985e+04 -2.426632499252427806e+04 -1.633103393499307567e+05 -8.867208429340507428e+04 -5.853701869939458993e+04 -8.198481402882880502e+02 -1.691074159539113316e+04 -3.312406084966424532e+04 -8.116873864650918404e+04 3.840979016491460061e+04 -2.482446171550267536e+04 -1.676508315484211926e+04 -2.732903762039856156e+04 -3.934461000741097087e+04 -5.896630719841253449e+04 -7.407022143030483858e+04 -7.808737632312525238e+04 -7.540949008271643834e+04
1.390521859626265615e+07 1.933350596668138728e+07 4.408760726949659735e+07 8.330838155012685061e+07 2.562661420103390142e+07 7.066973986593833193e+06 2.590556762043807190e+06 7.130758719606624218e+05 2.314039476711376119e+04 6.109125671040127054e+05 4.670056546702304040e+05 3.376614189177947119e+05 1.429157434422328079e+05 9.606438083800236927e+04 2.408416380719114750e+04 3.187844687291917216e+04 1.471144441123632423e+05 1.891275278403227276e+05 2.974449385562716634e+05 1.760671338261021010e+05 3.934589435606984771e+05 2.734993930892198696e+05 1.643800529786158004e+05 3.927546241964223009e+04 1.772643946386097523e+05 3.513468573260799167e+04 1.343344173535392038e+05 1.143062710842677916e+05 9.281580072578191175e+04 9.642198363150723162e+04 1.567576156180757607e+04 5.331087542287305405e+04 8.635476905259588966e+04 8.742975469796299876e+04 1.028078056410944846e+05 4.993313930727328989e+04 2.756508501809044901e+03 2.421357674771757047e+03 3.271047351715209061e+03 1.059598572172501372e+04 2.026610983936667981e+04 -4.451145264109903110e+03 2.075843222339479780e+03 -7.398562444482415231e+03 -3.210478778623439575e+04 1.055197029330224041e+03 7.072011725560621926e+03 1.420078094338139454e+04 2.198444382352986213e+04 -2.205736123868372033e+03 8.905252629286328556e+02 -2.324153788747606995e+03 -2.133418726069200056e+04 1.308103058367986523e+04 -1.732627532711357344e+04 -5.712032000454190893e+03 -1.056904984221378072e+04 1.385771782499914025e+03 -1.018350381065660804e+04 -2.618092749557236402e+03 -2.664204405678166822e+07 3.892072167004355043e+07 2.478821213106425479e+07 3.296976488193852082e+07 3.182880174918584153e+07 1.930299769139619917e+07 2.296587263888348825e+06 1.382068308968500001e+06 3.142468059294946142e+05 -1.104601186884673079e+05 5.098687080002454459e+05 -7.774822184696979821e+05 1.549268832426771987e+05 1.105599508713913528e+05 -7.548729003120990819e+04 -8.235973603137242026e+04 3.435878886017934419e+05 2.337616541147637181e+05 5.206818654403871624e+05 3.907326161538131419e+05 9.835844890988717088e+04 2.492720807593257632e+05 3.634459711066919263e+05 3.175572825231605093e+05 2.338735235787928104e+05 1.516784986087930447e+05 1.197393371616885852e+05 2.509585643496293051e+05 3.035170297975321882e+05 8.331373943537227751e+04 1.121182858688418783e+05 9.817779382724987227e+04 7.140332835992972832e+04 -1.273771175612213665e+04 8.632572680983517785e+04 2.045673992481249734e+05 3.934462143973247294e+04 -1.665974334419042862e+04 -4.242618860199844494e+04 -4.420515251991941477e+04 -2.963342088665641131e+04 6.447146744507962285e+04 -6.462726756649064919e+04 -7.946194061612192309e+04 -1.597232644183216325e+04 -1.969552444663339338e+04 2.158974538043126449e+04 2.045040225931739042e+04 6.092287027006560493e+03 -3.946165355620105856e+03 -4.714550183984068281e+04 -1.693308604593485506e+04 -3.529898486636798043e+04 -6.428371943109024755e+01 -9.026720468192852422e+03 -6.785107308035195456e+04 -4.720244992097005161e+04 -1.981974449620710220e+04 7.946554063695458353e+03 -1.678855869414373592e+04
4.161475990215921775e+06 7.996932794371964410e+06 9.535706294639527798e+06 2.562661420103390142e+07 4.418658742585792392e+07 1.429710269236731529e+07 2.185846720529299229e+06 4.195337746723768651e+05 3.990118705142817344e+05 9.719128032102527795e+05 4.898681415340378298e+05 3.825903177863850724e+05 -1.225571118285906268e+05 -1.422525655557313439e+04 8.551859206402437121e+04 2.008507725916445779e+05 1.863179278915312607e+05 2.190374077009609027e+05 1.258986475666370970e+05 1.959949815636831045e+05 2.185821736984000017e+05 1.040784078327564494e+05 1.300059429665271018e+05 7.033077923862468742e+04 3.029647103392526697e+04 4.821875181195985351e+04 5.309885232187149813e+04 2.146208704605165622e+04 2.708999024130872567e+04 -1.952213585741514180e+04 -5.182425871670147171e+04 -5.687115416681665465e+02 2.667033992233102617e+04 3.733866725877529825e+04 4.011587648903693480e+04 -1.739281023788346647e+04 -4.347348306260018035e+03 3.109853791882748556e+04 2.263374172504925446e+04 2.623664314500735054e+04 6.179411234085891010e+03 -6.767132033293785753e+03 -3.471842195447055474e+03 1.651425764403984795e+04 1.560179833407387662e+02 1.003175770802350416e+04 6.354024190765965614e+03 2.184492633026035764e+04 9.424459084784828519e+03 -7.759666389343591618e+03 -2.752698620320801638e+04 -1.315138998971720684e+04 -2.117007209899105510e+04 1.139519903562847321e+04 -5.655372822566167997e+03 7.234377430231314975e+03 -5.965214805054851240e+03 5.433498530044898871e+03 3.937283650397297606e+03 -1.345585962849581392e+03 -5.172511251001729630e+06 1.026623141646821238e+07 1.526555469100071117e+07 1.458612630813175999e+07 9.465241401710253209e+06 1.523858034557349794e+07 3.233756144587676972e+06 7.381251391763566062e+05 1.269812315307660727e+06 8.857655697640146827e+05 4.890366965885353857e+05 -2.443534298887994955e+05 5.321397125310596311e+05 3.847573844629591331e+05 8.347259403174904583e+04 -2.573821157923863502e+05 9.006301020326332946e+04 1.577415554544952174e+05 1.753941758807393198e+05 2.837007054819983896e+05 1.677195988459081855e+05 1.049990059662778804e+05 1.207105063222798781e+05 1.968516605986840441e+05 1.924993471858568664e+05 1.534050943642420752e+05 1.118706052665391035e+05 1.107157162324810488e+05 1.513664213117645122e+05 8.572953936862151022e+04 3.733008406456373632e+04 9.281077329037016898e+04 1.773704811686893518e+05 6.525433348938402924e+04 -5.395438142768818579e+03 7.249835193590483686e+04 -4.266697296489787550e+04 -1.261845449219540169e+05 -3.375276921995222801e+04 -4.388892225305937609e+04 4.661424693544182446e+03 4.092800014386103612e+03 -1.460583037844252431e+04 1.895295472150764908e+04 1.556129006276844120e+04 -2.501662454405781682e+04 -2.893976885360384131e+03 -1.435219173143749504e+04 -4.512421466166635946e+04 1.785752577899089010e+04 2.960398628653993728e+04 1.063310121024222826e+04 -8.270187239932214652e+03 5.525763018778694459e+03 -5.540053162394617630e+02 -2.290642875532949620e+04 -1.680763009122440781e+04 -9.087799146122635648e+03 6.395192904455087955e+03 1.041663387758757926e+04
-1.565952357305059268e+05 3.283717792781902477e+06 3.518889644118278753e+06 7.066973986593833193e+06 1.429710269236731529e+07 2.422739864338145405e+07 6.717729588131574914e+06 1.135442255084760720e+06 6.114143562947871396e+05 8.588765518704914721e+05 4.256518027042672620e+05 1.554635781256440969e+05 4.844355243572932523e+04 9.409474151924875332e+04 -2.499678902762528196e+03 9.254093880967653240e+04 1.275583778040415782e+05 2.097111982408228505e+05 1.756458658250258886e+05 1.249230817449886526e+05 1.761193536261906265e+05 7.502074831752170576e+04 7.644827965806967404e+04 3.583842492116412905e+04 1.365038641423612717e+04 4.880611370271753549e+04 4.871675572970257781e+04 1.257722049374133167e+04 3.844130246141603129e+04 1.317620996419208495e+04 -7.291089391703761066e+03 4.856969805100504891e+04 1.220803210464528638e+04 5.418278579366387567e+04 5.776386362996822572e+04 2.185393924508569398e+04 3.736325806629169529e+04 3.396438649502221961e+04 5.779643993226594830e+03 8.921295413872459221e+02 9.669559017106317697e+03 1.725002118504308601e+04 9.384215213558985852e+03 5.974990848321795056e+02 1.405254264951406412e+03 9.021528661023539826e+03 6.000806285359967660e+03 7.049699536687624459e+03 2.039399363243065181e+03 1.261952578936348436e+04 -1.939299635661514549e+04 -1.080527835322220562e+04 -1.115684918998698777e+04 3.705630036572656991e+03 -1.717014029298747801e+03 9.202508285225900181e+03 1.078582220415441952e+03 -6.231252852067920855e+01 6.705583774781861393e+03 1.090787522586027262e+04 1.612053365265881177e+06 2.927289887226195075e+06 3.276773289960107300e+06 1.112121296894652024e+07 9.694892873929988593e+06 1.181748774107512832e+07 1.019735213161305152e+07 2.160656994153419975e+06 5.918933339898003032e+05 1.001945628607029212e+06 3.551870227707923041e+05 5.200526359154522070e+05 3.042965220347811119e+05 4.851944856783114374e+05 2.102283970065505709e+05 -8.843349101341362257e+03 9.039678368409593531e+04 1.372803583621248254e+05 2.275948310575569049e+05 2.733930362800920266e+05 2.819680248650416033e+05 1.348700043462273316e+05 1.628224650822058320e+05 1.450028879434862174e+05 -2.233636328667440102e+04 -4.971729070419512573e+04 4.609429420182257309e+04 7.273085034893250850e+04 1.104793877157122188e+05 7.676668260131204443e+04 5.235896872999882908e+04 1.004293786109269131e+05 1.131228872207803070e+05 6.986022668504307512e+04 6.336176812685293044e+03 5.478549358597199171e+04 7.071557925328436249e+04 6.235203314904226136e+04 2.751267555031640950e+04 -1.851698335266545837e+04 2.914466418998055087e+04 8.678727345813620559e+03 1.272796139863290773e+04 1.075823646905553869e+04 4.197094159510020108e+04 2.612439070541141700e+04 8.718068448004041784e+03 -9.682753457542785327e+03 -3.474731054805569875e+04 -1.734143145786158857e+04 3.137903108730353779e+04 1.013854835499156070e+04 1.513661648125674765e+04 1.439305827490663796e+04 3.551733901886964304e+04 2.589916055628329559e+04 4.436622704139863345e+03 1.302399491849330661e+04 -4.486676469816429744e+03 -1.914240265386418469e+04
-3.113155466218213085e+06 -4.356800971857508994e+05 6.469862776437522843e+05 2.590556762043807190e+06 2.185846720529299229e+06 6.717729588131574914e+06 1.332825345980580337e+07 4.434779878234654665e+06 1.049220712592303520e+06 4.462156850572529365e+05 3.264536943799568689e+05 1.495978761927947344e+05 1.372544896038408624e+05 1.240003877362164203e+05 1.527885182825715456e+05 7.331671608567325165e+04 9.532423582650009484e+04 1.032913898544075637e+05 1.319798872483742598e+05 1.330819946824048820e+05 1.626661990484550479e+05 1.240905020484866109e+05 3.959050835357841424e+04 5.197568869960696611e+04 5.505442655184222531e+04 6.572524321113497717e+04 7.974433878078531416e+04 5.081738522347444086e+04 5.749679110461809614e+04 5.646657330789814296e+04 1.777804624675827290e+04 3.162323721310867040e+04 2.357524187683667333e+04 6.524476605621559429e+04 6.688476592570771754e+04 5.188558539752390789e+04 5.347201084073681704e+04 4.828660989223654178e+04 2.411464496593625154e+04 3.154861067094326427e+04 2.032538054683633163e+04 2.368066154518712574e+04 3.398764374851201137e+04 3.212602258043261463e+04 2.393167314940499273e+04 1.390329144478676790e+04 2.394327393544336155e+04 2.074639979225411662e+04 5.836077909564693982e+03 2.366831131621018721e+04 1.440710635967604685e+04 8.377355411546910545e+03 1.336404172487794131e+04 1.312232891284265497e+04 7.440899490293565577e+03 1.099170794851554456e+04 7.767347667431077753e+03 5.158398461112576115e+03 1.055672020758556937e+04 9.039618552046469631e+03 3.378125196280721575e+06 -2.132026604536342493e+05 -1.324536219595686416e+05 9.058893409254294820e+05 4.099218472058688290e+06 6.796080491638252512e+06 5.817852862080208026e+06 4.249816030819186941e+06 1.638014187262414489e+06 7.873983456152779981e+05 2.605145940659737680e+05 3.977591485506039462e+05 4.523128750930326059e+05 2.884546190527208382e+05 9.397705000738989838e+03 1.150572134847680281e+05 3.128620996350535279e+04 1.760733848571289273e+05 1.296948508036956919e+05 2.218540204420393275e+05 2.287142991992445022e+05 7.576121125307182956e+04 9.338807177546687308e+04 1.097673197584426671e+05 6.165196719304331054e+03 6.061351253752584307e+04 8.579965583376304130e+04 1.314824744957717485e+05 7.995207811142814171e+04 7.253619009509579337e+04 4.914938005226640962e+04 1.848555860758955168e+04 4.986468320108477201e+04 1.279063437028340195e+04 6.998045750344506814e+04 7.205514157591285766e+04 1.087871872393550293e+05 7.013973562202825269e+04 3.092431156412545170e+04 3.802128790620723885e+04 3.602235159823626600e+04 4.337363054900197312e+04 4.121414170904905768e+04 2.589872625016333768e+04 1.455894993171798887e+04 1.734100478096349980e+04 1.055099128295772061e+04 -1.543366596636530630e+04 1.001310494470663457e+03 4.355935706544879395e+03 3.793651661035358848e+04 1.323816695653004535e+04 5.555450255162593749e+03 2.730701556560759127e+04 2.864850452427319033e+04 2.017086479947024054e+04 1.739439271554296647e+04 1.760124800222237172e+04 -1.976060215443629204e+04 -7.056527944094214945e+03
-1.374490011113829212e+06 -3.157329229779801099e+05 -9.611616498927259818e+05 7.130758719606624218e+05 4.195337746723768651e+05 1.135442255084760720e+06 4.434779878234654665e+06 8.627102773855753243e+06 2.898812874511966947e+06 8.018316781174214557e+05 4.191094060199207743e+05 1.308460702131525904e+05 1.076603100997649453e+05 1.086587941770110046e+05 7.567096266064629890e+04 1.208772596338894073e+05 1.382212125063236163e+05 1.224986636461273592e+05 6.777179162266812637e+04 7.733213946899234725e+04 1.096008664656357869e+05 9.752629650298792694e+04 5.238645276124093652e+04 4.859894304827514134e+04 4.694500647787243361e+04 4.777865200262815051e+04 3.287683351345665142e+04 4.599391673172465380e+04 4.481744576718861936e+04 4.678382839157105627e+04 1.544547461241371093e+04 2.119613275785277438e+04 3.208348733281317618e+04 4.459079314144867385e+04 3.198173633785676066e+04 3.717922802263482299e+04 2.335928424648400323e+04 2.314141415457404946e+04 2.194056488643299599e+04 2.426585734122179929e+04 3.128897953062624583e+04 3.601404892049770569e+04 2.759472481617321318e+04 2.217964146285794413e+04 2.303420250671997928e+04 1.630943019423382248e+04 2.191140204679460658e+04 1.177852403634654911e+04 2.789524770614995646e+02 1.786237411228870769e+04 1.504499623337531193e+04 7.033261205867434910e+03 3.406854211730122188e+03 5.230212710417764356e+03 1.073466758373769881e+04 9.636151060820246130e+03 9.428176755780890744e+03 2.090660901971805288e+03 1.008728709065713520e+04 2.832977750524799376e+03 8.008951896055350080e+05 6.399157504213157808e+05 2.405781531445848523e+05 -1.165539896553899627e+06 -1.863618831794339931e+05 8.731950405278604012e+05 3.397806084296775982e+06 2.918898175579090603e+06 3.278023558220311068e+06 1.271557207901071059e+06 1.398052386726475088e+05 2.541572054592052300e+05 3.323163081072100904e+05 1.835173565708304814e+05 5.697584955022877693e+04 1.150116367213281192e+05 1.143182744880524406e+05 8.804690407599255559e+04 1.390343393944222771e+05 8.808553515976041672e+04 1.168907154528134124e+05 4.550615594489663636e+04 -1.143816495919095178e+04 -9.914280813523280813e+03 5.081030978059500194e+04 3.399629656446287117e+04 7.577064644970296649e+04 7.164293809932767181e+04 6.223970410944300238e+04 5.524726024750850047e+04 6.125709460731477157e+04 1.525627839060294173e+04 -8.480960302787098044e+03 -3.477564285926020148e+03 3.190539467824437088e+04 1.468252282022664440e+04 1.240749975621348131e+04 3.191464729161548166e+04 1.376458858603233239e+04 2.860149418432921811e+04 2.625129983129436368e+04 -1.051760827707109485e+02 -1.063776737628502997e+04 9.326411133917150437e+03 1.255067752017812381e+04 1.743171069935514606e+04 9.507689313351234887e+03 4.221392656862598415e+03 5.952358865404235075e+03 -2.630005462020690175e+02 1.024496112457124946e+04 1.833680066965329752e+04 6.280108943415050817e+03 1.456546183435060993e+04 1.112729512001776857e+04 9.347329899523827407e+03 2.212324757143620809e+04 1.829501071884335761e+04 -6.281924518315884853e+01 3.097853336784154180e+03
-1.031474713570720749e+06 6.029356332455475349e+05 1.699290288226293342e+05 2.314039476711376119e+04 3.990118705142817344e+05 6.114143562947871396e+05 1.049220712592303520e+06 2.898812874511966947e+06 5.478573876220345497e+06 1.835388818560040090e+06 5.265506141025450779e+05 9.635966076349350624e+04 1.415113288663289277e+05 1.106532672317530669e+05 1.445678315279124363e+05 1.622291541423520248e+05 1.198590472048938827e+05 1.532864510034309642e+05 1.331540227898296725e+05 9.667657254942448344e+04 1.090611927738765226e+05 7.993007797477065469e+04 2.063173749957063046e+04 4.318873213772244344e+04 4.806869576455253264e+04 3.338854953526686586e+04 1.697058427904205018e+04 4.144787009625843348e+04 3.230941074702218611e+04 1.587958686770852000e+04 2.214641676944059873e+04 3.691813049644770217e+04 5.059096842673540232e+04 4.411883761801663059e+04 4.424555669498618954e+04 3.767641700262484665e+04 2.607561608591459662e+04 1.582630673023593226e+04 1.593109409619449980e+04 1.955874770412973157e+04 2.010155069800793353e+04 2.481267658873695109e+04 1.977302879354983816e+04 1.662286840778329861e+04 1.567539651169008357e+04 1.440177729681968231e+04 2.172942777548223967e+04 1.048119597700712438e+04 -2.169493102119744435e+03 9.144453328585852432e+03 1.370503981020718857e+04 1.193522365997665474e+03 5.599716767677330608e+03 -4.792748402912353072e+02 1.051420566796109233e+04 1.393204578835454413e+04 6.755824023142677106e+03 1.462375817825022068e+03 3.592833784732617914e+03 8.832553161257444572e+02 8.486796488457010128e+05 1.349476880706459749e+06 2.314650283389639575e+06 2.906656289969545905e+05 2.158073137389442127e+05 -1.113835055965497158e+06 2.996722873866531299e+05 1.949804501295041293e+06 1.902363680920729879e+06 2.040370148913889192e+06 7.424548075046208687e+05 3.616708400074319798e+05 1.623662160203071835e+05 2.249213699992662005e+05 1.246987617755547981e+05 1.871191513758168148e+05 7.346342976727092173e+04 1.468097748924379121e+05 1.220073584715620527e+05 8.582309191854797245e+04 1.577284971215631522e+05 9.406351510145663633e+04 -5.881991412400325316e+03 2.462219316618099401e+04 7.972992888237170700e+04 5.118512051253450045e+04 3.523190761565512366e+04 2.696228882754773440e+04 4.035761398529132566e+04 4.933186201102885389e+04 5.560114517259155400e+04 5.773604487457504729e+04 2.641048198755505655e+04 5.515834531373292702e+04 4.474017698717903113e+04 3.913937813955883030e+04 2.582668091779902898e+04 2.593883559536249595e+04 3.269984189653225258e+04 2.065972610495239860e+04 1.663332644177979455e+04 -3.308848675925877615e+03 1.405463488703744042e+04 1.816193451138823366e+04 9.462313913150906956e+03 5.804554941189647252e+03 1.357619766916486515e+04 -5.977739133777040479e+03 1.885778364981290167e+02 2.555975788883788482e+03 -6.308950400775373055e+03 8.019545054977607833e+03 -2.822457643098754033e+03 6.951192312681973817e+03 1.518583737991850649e+04 -4.030169204839266058e+03 6.936537546379069681e+03 4.941468859273135422e+03 -6.027231972008667071e+03 2.196439445420823176e+03
-9.211813680394740077e+05 4.192221890696429764e+05 6.936417401036868105e+05 6.109125671040127054e+05 9.719128032102527795e+05 8.588765518704914721e+05 4.462156850572529365e+05 8.018316781174214557e+05 1.835388818560040090e+06 3.557552046757294331e+06 1.206109846549259033e+06 2.940122758896952728e+05 1.218296588009130210e+05 9.524427248646540102e+04 1.341585784290152660e+05 1.008943144326612819e+05 7.434181638580036815e+04 8.652763600480025343e+04 9.893571850270591676e+04 7.951370641826251813e+04 6.824133457689615898e+04 5.338969721105534700e+04 3.890202019767626916e+04 5.291552559165035200e+04 4.941750785729211930e+04 3.063071243105620306e+04 3.232148613911696884e+04 4.859966343805367796e+04 3.203302079430336380e+04 1.611584595909749260e+04 2.696371239610822886e+04 3.120822831158043118e+04 3.908443675028766302e+04 3.162300683003062659e+04 3.729968098653850757e+04 2.612250299677571093e+04 1.841853822133284484e+04 2.564942106348419475e+04 1.468493331122764539e+04 1.868683762418731567e+04 1.294152023326078779e+04 1.813149187193196121e+04 1.113300647873772505e+04 1.740597513156711284e+04 1.495748389235293507e+04 1.005662249000586417e+04 1.329699378579720906e+04 7.662115119765091549e+03 3.210773264715695404e+03 7.385045584605284603e+03 1.055878366056104278e+04 4.303075298462931642e+03 1.156701501727062350e+04 6.049851513954540678e+03 1.015299892948377965e+04 1.127934406844193109e+04 5.564853269247633762e+03 3.650287698386931879e+03 2.066926027481628353e+03 2.039406267516103298e+03 7.050463871150426567e+05 1.292586515065795276e+06 2.975100477488602977e+06 4.506767922241943888e+05 6.112133919565274846e+05 1.755690992318462813e+05 -2.258789404630566714e+05 6.723724054592294851e+05 1.009122371956522111e+06 1.116031128462327644e+06 1.504540905289718648e+06 6.974081960727915866e+05 2.694729890243698610e+05 2.234192847539358772e+05 1.091478420219880500e+05 1.609095155405299156e+05 1.483962009515259706e+05 1.259987721468814125e+05 1.035977562312509981e+05 1.267295325936406880e+05 5.712948225786737021e+04 1.653700260883145529e+04 2.937695748865579299e+04 2.324455801559808970e+04 3.907416004693368450e+04 5.349594933235301141e+04 3.107254175265010417e+04 2.371814007526022579e+03 2.893572918726039279e+04 3.839647286849543889e+04 4.745074872882070486e+04 2.132651899322985992e+04 1.570366172167225341e+04 4.107698740843882842e+04 1.968810698924289682e+04 1.259090657842577821e+04 9.974050896589447802e+03 1.361847911841614405e+04 1.190450721346119462e+04 1.627369859064330376e+04 2.224907954345103281e+04 -4.204164031089892887e+03 1.328113026484281590e+03 1.232601729220291236e+04 1.632501127575831924e+04 1.284523712477382287e+04 5.918719660842222765e+03 -4.548644992542560431e+03 -1.172528253386160259e+03 1.195404334917702727e+04 1.436951922718534115e+04 1.638098738685677563e+04 9.379585019331640069e+03 1.542039904691205811e+04 1.169341234084817006e+04 8.653510815023935720e+03 3.461193985363306638e+03 3.243479220845040800e+03 3.975236221927107636e+03 5.843263689509903088e+03
4.082388439999595721e+04 -2.396998078975756071e+05 3.540094432880156673e+05 4.670056546702304040e+05 4.898681415340378298e+05 4.256518027042672620e+05 3.264536943799568689e+05 4.191094060199207743e+05 5.265506141025450779e+05 1.206109846549259033e+06 2.608340503949145321e+06 8.880213810773985460e+05 2.714285306727069546e+05 1.264902050649053999e+05 1.757130953863624018e+05 1.210718784773520601e+05 7.604669019551534439e+04 7.024817964500743255e+04 6.979941269996874325e+04 6.793141799688752508e+04 5.261757410287932726e+04 6.318931314468626806e+04 4.950243457840604970e+04 5.131220171755964839e+04 6.212575676341805229e+04 2.664105076977889621e+04 3.038802491795587412e+04 4.573226749991581164e+04 4.081324175867429585e+04 2.187682112337843137e+04 2.360355499123073241e+04 1.839206245797175507e+04 3.307652203086310328e+04 3.105751311311403333e+04 3.464575063001163653e+04 2.286386533545208658e+04 2.301167403991837637e+04 2.474372344821737352e+04 2.188826165615602440e+04 2.087484870838396819e+04 9.596519503377414367e+03 1.537203369416323949e+04 9.089731941988527979e+03 1.924260823586465631e+04 1.123974231552749734e+04 1.132726264031443861e+04 1.576105753939287206e+04 1.114181633328352655e+04 8.931552560592686859e+03 9.700898652498539377e+03 7.329793494158522662e+03 1.011007494306048102e+04 7.798700803354784512e+03 8.231834573120284404e+03 9.651451656549110339e+03 7.220072916207888738e+03 5.929491923752048933e+03 3.531133044327196785e+03 5.776521726052525992e+03 6.958224982636559616e+03 2.402385039805436973e+05 3.193495692606705707e+05 8.655974307111112867e+05 -3.031907753195894111e+04 3.911578095402762410e+05 3.476803727334658033e+05 1.480366029744254774e+05 4.889550429493545089e+05 6.858011300136278151e+05 9.414344629636795726e+05 1.187550284802111099e+06 1.172173966860689456e+06 4.614657576875206432e+05 2.890822847109253053e+05 1.460007472927753697e+05 1.392217822866867064e+05 7.709628174938904704e+04 7.512431717919035873e+04 5.426943153482831258e+04 8.288233052940166090e+04 9.282890918657115253e+04 4.033466031591749197e+04 9.818832302165652800e+04 7.772821482804698462e+04 7.194594137088044954e+04 8.681887376769808179e+04 9.044935989373027405e+04 7.043625591228422127e+04 6.455458000228986930e+04 6.613940958766377298e+04 3.612393199022315093e+04 1.849883561200569238e+04 3.145162983247670854e+04 3.732213333444937598e+04 5.220908471598573669e+04 3.774452384787104529e+04 2.748745259545033696e+04 2.378187840573964058e+04 1.306790412593485053e+04 1.120104497704108508e+04 8.457624100815321071e+03 -6.540173544908538133e+03 6.259954642219931884e+03 1.680244543830066323e+04 2.255669643527385051e+04 1.861150431794799078e+04 1.815221248240892010e+03 1.827888976638008671e+03 7.305112732230928486e+03 1.604838161473394030e+04 2.345712679452887824e+04 1.201647090398239379e+04 1.873325928250611469e+04 1.779753295259409060e+04 1.168520593038604056e+04 1.388583355971288984e+04 1.000716084037831934e+04 8.963647704762655849e+03 3.303920599114585912e+03 -4.100426451778430419e+02
4.939372730022345204e+05 6.893265561025333591e+05 1.937381340603150602e+05 3.376614189177947119e+05 3.825903177863850724e+05 1.554635781256440969e+05 1.495978761927947344e+05 1.308460702131525904e+05 9.635966076349350624e+04 2.940122758896952728e+05 8.880213810773985460e+05 1.889139084750814131e+06 6.274094944109520875e+05 2.269131173638394102e+05 1.300945786421892844e+05 1.303079453823168442e+05 6.674824738930782769e+04 4.887695685005401174e+04 4.613812447623429034e+04 6.578644951876025880e+04 5.309162831956827722e+04 6.852081386154613574e+04 5.304282065503398917e+04 6.501962524928586208e+04 4.673445367575350974e+04 3.058865811591899183e+04 3.389152685821429623e+04 4.191373726482949860e+04 2.296868686344990419e+04 1.864753133720795086e+04 1.354262912617618713e+04 1.404844729462153555e+04 1.839449951495471032e+04 1.966905143667492302e+04 1.940564417430948743e+04 2.470593298149994007e+04 1.985537191682473349e+04 1.615679935607319203e+04 1.923832841044677843e+04 2.089468005581170291e+04 1.939291311075109479e+04 1.307450851064486778e+04 1.592302321443133042e+04 1.542698484007918523e+04 1.106695522078328213e+04 1.150439052512966555e+04 1.293296751326230333e+04 1.109476696946511947e+04 9.069109710054919560e+03 1.024187101946229996e+04 7.260496126580304917e+03 1.139935880015938528e+04 5.386497525993380805e+03 1.006506467674802479e+04 1.053911755047258521e+04 6.949430403379464224e+03 7.411648075173613506e+03 8.949753864424559652e+03 7.314001725320692458e+03 4.646005888470556783e+03 -4.206759914036983901e+03 9.154142204481273657e+05 4.106839715277107316e+05 -5.258285842504776083e+05 4.275531256906311610e+05 4.139761313396494370e+05 3.156802434873579477e+04 2.091077014819726628e+03 4.419489663394940726e+04 2.294133187136828201e+05 7.326316293974812143e+05 6.405522546732453629e+05 7.162261322401406942e+05 3.908204204383422621e+05 9.675071112878096756e+04 4.757160264163825923e+04 4.025312747670205863e+04 3.769598570535860199e+04 6.404226564642977610e+04 1.090600804127298179e+05 7.820555045493551006e+04 8.670756648172653513e+04 9.314236592107592151e+04 9.362049451766184939e+04 9.108052114275602798e+04 4.516031145427879528e+04 2.899176109777028250e+04 5.827026976370693592e+04 4.679903178487356490e+04 3.817341064121729869e+04 4.250376044301185902e+04 1.433328129305924449e+04 8.340700531809992754e+03 1.867952146022843226e+04 2.948269173826819679e+04 1.653136069287110877e+04 2.422665927159955027e+04 7.808263758216018687e+03 5.462260468280762325e+03 8.550495945589569601e+03 2.770156450599262826e+03 1.537695830535216555e+04 2.538947937878338053e+04 6.653507294127751265e+03 8.653012839412045651e+03 1.982233638215161409e+04 1.393216869055139068e+04 6.457175885246285361e+03 6.519631685478808322e+03 -5.800666940319775904e+02 8.609898846496425904e+03 9.998990469754424339e+03 1.061825704667740865e+04 8.717369267815811327e+03 8.559789811429063775e+03 4.738703921817079390e+03 -7.947821226881821985e+02 -1.263809917710394302e+03 4.651054326143144522e+02 -1.587527938151032686e+03
1.525909146135691786e+06 1.517955961439452833e+06 1.336543386538221966e+05 1.429157434422328079e+05 -1.225571118285906268e+05 4.844355243572932523e+04 1.372544896038408624e+05 1.076603100997649453e+05 1.415113288663289277e+05 1.218296588009130210e+05 2.714285306727069546e+05 6.274094944109520875e+05 1.476812963544210885e+06 4.803351746261296794e+05 1.433695268648479832e+05 1.006008049261876877e+05 9.021204119130132312e+04 5.904976570820103370e+04 6.882479780959943309e+04 4.290787932797996473e+04 4.759907388128962339e+04 4.475757974894664949e+04 2.649161743977463630e+04 4.529083961826756422e+04 4.502596639365532610e+04 2.809561396349840652e+04 1.115887151677760085e+04 2.081892042389017297e+04 1.984196229524150112e+04 2.713622755292806687e+04 1.622075800219069424e+04 2.124959896004061011e+04 2.438135392743954799e+04 2.136296134954352965e+04 1.643531597378787410e+04 1.492292840992152924e+04 1.449640639982291759e+04 1.229096672036822019e+04 1.745672443675196337e+04 1.504959782276655278e+04 1.556146356421743985e+04 1.490060974348132186e+04 1.205190017821048968e+04 1.492824024376373563e+04 1.107163687344283062e+04 9.728454549569492883e+03 9.385910968696567579e+03 1.047063299546591952e+04 5.653228087048116322e+03 6.189718138029727015e+03 7.774524293272162140e+03 8.357145019029383548e+03 7.694579622671889410e+03 9.672670616641727975e+03 5.913199353825721118e+03 7.031938444720925872e+03 3.993884821743703014e+03 2.963842914058696351e+03 3.282305035432957993e+03 8.970224430263763225e+02 -2.737427503781293053e+06 1.861252387159808073e+06 1.583681162706362375e+05 -1.184648718661794672e+06 -6.198275066282867920e+05 -4.316812263544983580e+04 -2.560910920550664596e+05 -1.351716934357922291e+05 3.704210220412343187e+04 1.580263693395016890e+05 1.812692967422064394e+05 4.750211792775173089e+05 4.010023039997909218e+05 6.048687001505175140e+05 2.502611268273617316e+05 6.944263948430634628e+04 5.739672705530199164e+04 6.465910676016732759e+04 2.319247685194034784e+04 5.622108615242584347e+04 1.101744496355489682e+05 6.529607392908069596e+04 5.189964328640997701e+04 6.063223994848175789e+04 6.830188573422997433e+04 3.239349599664906054e+04 1.275174622922263370e+04 4.233324773451241344e+04 2.755291511831033495e+04 1.545031625585457550e+04 2.784307460355854710e+04 2.279703132775557242e+04 1.677272994005330474e+04 2.542421938840530856e+04 9.479772049044326195e+03 4.688882735315381069e+03 2.250335996832636010e+04 8.083364243409402405e+00 1.403860313498412324e+04 1.307901936956521422e+04 2.776095909476520319e+03 1.256816268052639680e+04 1.338897873797020111e+04 3.312867983841759724e+03 5.163911122952797996e+03 2.877372094160677534e+03 4.993127984110275975e+03 -6.211989755256091485e+03 -1.268708220543705693e+03 -4.910751898058895677e+03 2.869132945131641463e+03 6.382434685028776585e+03 5.867165290500817719e+03 5.919165140767638150e+03 4.360608289026475177e+03 -6.616557646407484299e+02 4.968994508785321159e+03 8.792660521185476682e+03 2.547025926803526090e+03 4.812997344333269211e+03
