2.283320278039427757e+09 4.427831596975567937e+08 8.166109065051312745e+07 2.953483224488520995e+07 1.863215038414372876e+07 5.285522969918928109e+06 2.958621165591658559e+06 4.040734617305924185e+06 3.552108744930079672e+06 5.000344253344749450e+05 1.465745784335750621e+06 1.009041147981490823e+06 4.519208477388930623e+05 1.793722085869494360e+06 1.399039364371771226e+06 8.276789976473122369e+05 -4.910048060202140186e+04 -4.101368753591302084e+05 1.961479383885775460e+05 8.142101698467697715e+05 3.929203172570794122e+05 8.146086334617508110e+05 5.110422054950888269e+05 -2.981322937914622598e+05 -6.024320088795822812e+04 3.281881953024143004e+05 6.538094896068692906e+05 7.002120654553056229e+05 3.462940711401780718e+05 1.254093009051867120e+05 3.007250728445446002e+05 -1.082103649142546055e+04 1.442752356609820563e+05 2.891934392329856564e+04 9.683995412801446219e+04 -8.602162049555833801e+04 -5.459144337781610375e+04 3.069331102067930260e+04 1.241550232346643024e+05 -2.962077404437919176e+04 7.524335103106644237e+04 -2.806547936134865813e+04 -3.553106288961836981e+04 6.851015455503006524e+04 1.883182520643194584e+04 3.077055757992992221e+04 8.606524597757917945e+04 1.226504602967806277e+05 3.897962413918542734e+04 1.657844554776122823e+04 5.761077277727395267e+04 -6.781031550555010654e+03 1.819451321362447197e+04 1.108195874567138817e+05 5.308893180017045233e+04 6.293994311374925746e+04 -5.936334319510322530e+04 -7.164118528361911012e+04 -7.452032430570767247e+03 1.256681401882243881e+04 4.729068216266449094e+08 1.243349107099391937e+09 3.321694618423967361e+08 1.262186332898183465e+08 5.516835498378685862e+07 1.910599515745756030e+07 1.066237106780202687e+07 4.965700663445044309e+06 2.601302346191699617e+06 8.739092453984431922e+05 1.666517551568613271e+05 -1.940939183792586846e+05 -9.351759486399166053e+05 -1.176782283826765371e+06 -2.492956670333745715e+05 3.677221785160825821e+05 1.609100748622709187e+06 4.390146700281720841e+05 9.830866618697693339e+05 5.314172163293584017e+05 1.396879534942989703e+05 -2.025806308308294974e+05 1.033156821679580898e+05 1.134131299233928003e+05 2.649140267135822214e+05 8.965763686165574472e+05 3.790569071324226679e+05 8.748326807391045149e+05 5.169124595931126387e+05 6.008712853164260741e+05 5.556872006016210653e+05 -1.254127696377200773e+05 -5.463861093486695318e+05 -3.660203457294365944e+04 -1.439221986268868204e+05 3.103243264945606934e+05 2.113866939150838589e+05 -6.468023360030625190e+04 -8.272589328360985382e+04 -4.597476267344476219e+04 -1.601350961879192910e+05 6.127407025401109422e+04 -8.555363453382684384e+04 -3.576443964648963301e+05 -2.011121619710966188e+05 1.012016288817746099e+05 1.018213435545623361e+04 -1.024506493496702315e+05 -8.632261339854913240e+04 -5.092024076651910946e+03 -5.156125139609791222e+04 -1.122578226127929083e+05 -9.767528655011962110e+04 -1.307258759922326426e+05 -1.054531184843122028e+05 -2.023252012486607418e+05 -1.394361119461823837e+05 8.947070852587088666e+03 -8.988299329313055205e+04 -9.289836624540667981e+04
4.427831596975567937e+08 2.138004556586300731e+08 5.290293775416248292e+07 1.308634209653262235e+07 4.769513707739996724e+06 1.108844274787876988e+06 1.052763164002852747e+06 8.720990645277298754e+05 5.909799614482024917e+05 2.277787553959442303e+05 3.555311237204365898e+05 3.401186256094482960e+05 2.049310009240797081e+05 3.651580215913962456e+05 2.401298760382953624e+05 2.856805700971025508e+05 1.069679226290185907e+05 3.751183623731459375e+04 1.905024491673407028e+05 2.087553139794801245e+05 8.053967186846899858e+04 1.544865435399987036e+05 9.758717221110571700e+04 -1.223668048952255631e+05 -6.569035225393674045e+04 4.273241051713449997e+04 1.310073091495077388e+05 1.270329905166584940e+05 4.734987488109120022e+04 3.153366399796714904e+04 9.161365460676647490e+04 4.186204510467495857e+04 2.919820901875496929e+04 1.584576005380364950e+04 1.442469033664562266e+04 3.321948102547717554e+03 4.254065864522393531e+04 3.293137544888717821e+04 5.184781292273315194e+04 1.465262023650553419e+04 2.688395139916152038e+04 -3.164794183573616829e+04 -1.124496919466080726e+04 3.061705613917570736e+04 1.243018346655112873e+04 2.361569688949733063e+03 2.420122616340367313e+04 4.406565060944732068e+03 1.065484949741187302e+04 -2.922970422726071774e+03 1.529131187669885003e+04 2.217041866577046676e+04 -2.094939719171147317e+03 3.542342689128193160e+04 2.582519557025128961e+03 -3.321648321508039771e+03 -1.725797439266448418e+04 -1.783274792334578888e+04 -3.133730955280071066e+04 -1.343700480775491769e+03 7.260925813137269020e+07 2.236818971240119040e+08 1.257930369815117717e+08 3.895216019754999131e+07 1.430372806743599474e+07 2.321952453903325833e+06 7.981334957350179320e+05 1.370825746137407841e+06 1.497491999834604212e+05 -2.583113464142013399e+05 -3.949125386937904987e+05 4.556047101001106785e+05 4.310042990097737638e+05 -8.379587277927466494e+04 3.040918127071030904e+05 2.767691627456121932e+04 3.945243104924081126e+05 3.697162510838691960e+05 4.594354032089789980e+05 1.743091416351643275e+05 4.101669444735808793e+04 -4.056758655725223070e+04 7.850278505307322121e+03 -7.607905704109941144e+04 -1.015572810231221229e+05 -3.523667192923159018e+04 -1.805251842706221214e+05 1.245160026611877693e+05 3.487779830936936924e+04 7.849472074449228239e+04 1.136772915818560869e+05 -5.243085059334256948e+04 -1.057309587144672259e+05 -5.337642565975595789e+04 -1.100985859147226583e+05 1.253224337995622591e+04 -2.339724729766785822e+04 -5.501514273288902768e+04 -2.462733451015641913e+04 -4.134398355039561284e+04 -6.070348645929776831e+04 6.659522982441840577e+04 6.174467874247324289e+03 -4.277360443638409924e+04 -1.621685985678265934e+04 3.749597897764811933e+04 -3.915760075616265567e+03 -3.583517600496238447e+04 -6.715184720350115094e+04 -5.171191347154867981e+04 -8.175561269281215209e+04 -4.743966985050207586e+04 -1.845743184985014523e+04 -3.575913116434008407e+04 -2.493983404814717142e+04 -4.928281032805093128e+04 -3.041767211286396196e+04 -5.057670634682901436e+03 -3.922015940786289138e+04 -3.843687042310586548e+04
8.166109065051312745e+07 5.290293775416248292e+07 6.801685624895662069e+07 1.939330098216224089e+07 4.159808677657981869e+06 4.106327123825267772e+05 3.059347790621229797e+05 2.165687902213505586e+05 2.643430629538365756e+05 1.454651616127788730e+05 3.718441118146882945e+04 8.180111188830097672e+04 1.471400942189551424e+05 2.748455146026672537e+03 1.619142757540377497e+05 1.581243125452740060e+05 5.525861182067092159e+04 6.113744291068620078e+04 8.872395932336179249e+04 1.032963539754347003e+05 -2.884518941026977336e+04 2.757621767734122113e+04 4.910002539213254931e+04 -1.098718818685651968e+04 8.550222377233652514e+04 4.668774746258838422e+04 8.066982691262179287e+04 3.844261892263289337e+04 2.324391341492132415e+04 4.245556237920722924e+04 6.475544664128338627e+04 4.683407378586992127e+04 4.611190380829846981e+04 1.330204791593027767e+04 2.067390643149468087e+04 3.618952086946655618e+04 2.080422452001033889e+04 1.389913365249697927e+04 3.128218105008396378e+03 -8.452965472756472082e+03 -1.665236908884666627e+04 -3.359390270341595897e+04 -7.593090780831056691e+03 1.373954717350177089e+04 2.017700493464086321e+04 3.085834394948689805e+03 -2.011461315848887534e+04 -1.758223688371515891e+04 -1.220302101730896311e+03 -1.778368620048016965e+04 -2.617006516861077216e+03 7.874287008980674045e+02 3.248011746557996275e+02 -1.187782206538872379e+04 -1.940636696588950508e+04 -2.227341741537250709e+04 -1.583380208609923102e+04 -1.863956371494249834e+04 -2.139460692699542415e+04 -4.865121290554288862e+03 2.182155064839558676e+07 4.519075371708049625e+07 2.403098524379574880e+07 3.562757741313779354e+07 1.110264748922965303e+07 4.115046435161631671e+05 -2.047017012567231141e+05 3.150349662501036073e+05 5.172798931155246682e+05 1.965573608713004214e+05 -2.199538263672493631e+05 1.045417299524092523e+05 -3.206764490697228757e+04 3.825420547495815117e+04 2.606134562829269271e+05 -1.517592676907687564e+05 1.638089026297396631e+05 2.455226663627834059e+05 3.772427037601173506e+05 1.044556481393549475e+05 6.351559220868579723e+04 1.008444108750572923e+05 1.161079682924235967e+05 7.590728481897771417e+04 -2.440842536060912244e+04 1.790958787348279293e+04 -7.573563406609225785e+04 4.300774251291433757e+04 8.106000518875851412e+04 9.121508954480591638e+04 2.991907506612044745e+04 -3.975868528458800597e+02 -6.369591477561907595e+03 -6.067592853150809970e+04 -3.301864724862606818e+04 -3.714906592953245854e+04 -1.438479955242333199e+04 -2.050424602732753192e+04 -6.555406909891897521e+04 -1.286811151981927287e+04 8.538413345469502019e+03 4.456573501400414534e+04 1.300981493055454848e+04 -8.663581390280003689e+03 -7.892942275519299983e+03 -6.791777036771281018e+03 -1.731069324949150905e+04 -5.008042687271210161e+04 -5.063224313682622596e+04 -1.614704784191080216e+04 -2.539038537861077202e+04 -2.192810206173648476e+04 -1.249326900925792324e+04 -9.269416473460883935e+03 -3.342523016489343718e+04 -4.726620584016746579e+04 -2.211535481923252883e+04 -2.335986816344247472e+03 -2.169224403425203855e+04 -2.111624523231485364e+04
2.953483224488520995e+07 1.308634209653262235e+07 1.939330098216224089e+07 3.368997483190646768e+07 9.761969293345626444e+06 1.406782292226848193e+06 5.386159461134603480e+05 3.382942035789084039e+05 1.546224483393906557e+05 1.105287850873921125e+05 5.259492045769347169e+04 1.877317211924366420e+05 -5.258982065603583032e+04 -5.687156358701617864e+04 5.578484800521720899e+04 1.425502030626327032e+05 7.858763318460501614e+04 -1.699412383330819648e+04 1.094443957463856641e+05 1.160875955448380118e+05 5.447179630322428420e+04 4.268661874703010108e+04 3.672964273589216464e+04 3.121118262248774045e+04 4.066905681784224726e+04 5.460264857028282859e+04 4.705459761572262505e+04 8.725085092413190068e+03 5.888039219001131278e+04 4.650779513748510362e+04 5.549657499502613064e+04 1.935613452220767431e+04 1.726924212816766158e+04 1.618354361329211315e+04 2.617026672266100286e+04 2.168226206932567584e+04 3.188183438296329768e+04 1.742422296459443169e+04 5.857054726045606003e+03 7.436309938102566775e+03 -9.487889951582438925e+02 -1.211982200023605765e+04 -4.058463243221263838e+03 1.113163038949100519e+04 1.914208523964397500e+03 1.784751913742156376e+03 -5.421631576247969861e+03 1.320998359961746473e+03 1.219406649613788431e+04 -7.684698556559525969e+03 1.982900578439670880e+03 5.958906845958878876e+03 2.874104795387238482e+03 -2.937534324949874645e+03 -6.140780137806245875e+02 -8.679638248068329631e+03 5.997993486371775361e+03 -4.946865343579460387e+03 -1.213102718318610277e+04 -1.840147130952145744e+03 7.707585912917112000e+06 2.072328872363276035e+07 1.567042040796487406e+07 8.303643710331151262e+06 1.832071657570626959e+07 5.553535855618816800e+06 6.826918443672702415e+05 5.229661351488406071e+05 6.869790300780865364e+05 6.058146155940459576e+05 2.537343327640029893e+05 1.782952819909041573e+05 -5.675579899165843381e+04 -1.238552753038968076e+05 1.070006450678156834e+05 1.220784810162061876e+04 5.311199583495481784e+04 5.870521465154996258e+04 8.537294858142653538e+04 4.328586977910662245e+04 6.613761338846661965e+04 -3.911500049628662964e+03 1.375803134457313718e+04 -1.265124607548257336e+04 1.529193120261428339e+04 9.918625827753774502e+03 -2.546286280028846522e+04 7.789424539852957241e+04 2.483505133817832393e+04 5.150716360382019775e+04 3.516509740494923608e+04 4.618343887126977643e+04 3.197061868542357843e+04 2.097559085368189335e+04 6.434347240875366697e+04 5.015830252461561759e+04 1.956807326118589117e+04 5.806759014437103178e+04 5.319494347190621193e+04 3.133159068007574024e+04 2.203287599795194183e+04 3.091125322762611904e+04 -1.237245826731949455e+04 -1.946473377319784049e+04 2.994673501580164157e+04 2.236486306341895761e+04 9.035668245525603197e+03 -1.427018448056291163e+04 -8.129682959342994764e+03 1.980523145484187626e+04 3.328677803381994181e+03 3.293407903927000007e+04 2.108990648831430735e+04 2.283586659628635061e+03 -1.778474132060784177e+04 -2.465796119513543817e+04 -2.609138525412140370e+04 -7.966789923810561959e+03 -4.150977835770538036e+02 -7.583407974282838950e+03
1.863215038414372876e+07 4.769513707739996724e+06 4.159808677657981869e+06 9.761969293345626444e+06 1.775130855074273422e+07 4.826279440338034183e+06 1.023748355035372078e+06 2.207674801001605520e+05 4.500450774080638075e+05 3.542688853540217970e+05 2.206592640536241815e+05 1.124147659660958307e+05 8.381873456236882703e+03 -4.696218334060468624e+04 6.135477051220171415e+04 5.330934335737605579e+04 6.429742145102778159e+04 -1.515159342036117596e+04 4.175227037927074707e+04 5.676531535753080243e+04 6.411967790379923827e+04 4.240544663410107751e+04 3.145830232856963630e+04 4.871419387790208020e+03 3.861713533151122101e+04 1.162883943615559292e+04 2.418757001562375444e+04 2.965212539917883623e+04 1.164521245456004726e+04 2.771160669757739379e+04 2.618164328786127953e+04 2.207882856707321844e+04 1.590231392062055602e+04 2.747949810487693685e+04 1.841921546478176242e+04 1.433494912656025917e+04 2.456014499349474136e+04 3.024644627556735941e+04 1.168568298109733405e+04 9.929401438387898452e+03 -3.022699334441895644e+03 -1.721811486293275038e+03 7.070900162485567080e+02 1.427595556096431937e+04 1.010830695874174307e+04 9.146572392852671328e+03 6.870698350909669898e+03 8.325762188329139462e+03 -1.602890621681261152e+01 7.215927775011809899e+03 4.179865129353980592e+03 6.922351131925273648e+02 4.231816618000750168e+03 9.595872431199392167e+02 6.670892820963392751e+02 -3.151025126956444637e+03 -2.779720679557513904e+03 4.572097085657582625e+02 -2.576773520340836967e+02 -1.133656999309920366e+03 3.884769353604777250e+06 1.311655126193508133e+07 7.811339287416188046e+06 1.016195974834243022e+07 6.677000815172093920e+06 9.191186403185803443e+06 2.389640199032281525e+06 1.122915734119166853e+06 7.449752698543983279e+05 6.752540615317608463e+05 3.713885702992170118e+05 4.363292950671419967e+05 2.808818556073289365e+05 1.117863294013040286e+05 1.458019380145066243e+05 1.607465812237144564e+05 1.460503619866237568e+05 1.092834354706641025e+05 1.310404437388468505e+05 -5.771595603435998783e+03 -3.939551116189282766e+04 4.106971328779545729e+03 7.040472725674982939e+04 7.685521796921604255e+04 3.740986659578834224e+04 1.946463980888281731e+04 -4.294856095589635515e+04 3.894352888498560787e+04 7.707801011462422321e+04 2.846307225410739193e+04 5.422155624892780907e+04 3.793577093148839776e+04 1.228583427271356049e+04 2.277764124208232897e+04 6.314068322858148167e+04 2.135302568665487343e+04 6.755703057766030724e+03 -8.961062144221033350e+02 2.526978555219191912e+04 5.585778033798102115e+03 3.055781874599563162e+04 2.953394356561517270e+04 -1.295076617022854407e+03 -1.507599686074898727e+03 2.636190648586917814e+04 2.269317587985999126e+04 1.763142278173830709e+04 2.912519183436937055e+03 4.563448811793934510e+03 -1.587038556500996856e+04 -6.037384693739656541e+03 1.392130860902204040e+04 6.714431663073180971e+03 -3.743157016425922848e+03 -1.208350476768145381e+04 -1.555416904819054616e+04 -6.421048214545860901e+03 -4.055668838922806117e+03 -4.188968408051387087e+03 -8.399588156943193098e+03
5.285522969918928109e+06 1.108844274787876988e+06 4.106327123825267772e+05 1.406782292226848193e+06 4.826279440338034183e+06 1.010892337298424356e+07 3.043751105044385884e+06 3.141658637717542006e+05 1.648554284000213083e+05 1.824771206757219625e+05 2.191755447771508479e+05 9.843954028624226339e+04 6.473491150437390752e+04 4.383740278742511146e+04 1.831987682431606663e+04 -2.057839030875982644e+04 3.225408322590996249e+04 4.554053505400434369e+04 3.054326905868345784e+04 3.594794713063323434e+04 4.238892266750887211e+04 2.906166464181572155e+04 5.307753268304220546e+04 2.753897397403190553e+04 2.570231736985523457e+04 1.886977073194005425e+04 3.080445530998093818e+04 2.908176471902478079e+04 2.435028985503180593e+04 2.019745412958367524e+04 3.407650221188024443e+04 1.275200663261786030e+04 -1.690815499377942842e+03 1.544043651872340433e+03 1.311225306117189393e+04 5.416688803290678152e+03 1.411937819568278428e+04 1.650516991734470139e+04 3.260646856211073555e+03 2.928311999412252135e+03 -2.143136169875137057e+03 -1.861724357008689594e+03 1.282170862703031844e+03 1.008268406261449127e+04 9.322033591280689507e+03 7.238625360699321391e+03 9.018988544123261818e+03 4.598701420417054578e+03 -1.338044741199122996e+02 1.867190361168757363e+03 1.351916115210539374e+03 3.545308567400473748e+03 7.502940443785884781e+03 9.270015213842165167e+02 2.156913279448577214e+03 1.776404409967319452e+03 2.445062394750693329e+03 4.362863238760242893e+03 8.629738605340879076e+03 4.226535032650673202e+03 -5.513126429126210278e+05 4.367780796908131801e+06 1.430443020127734635e+06 2.661509557691566646e+06 4.798969909640097059e+06 2.572957627987120301e+06 4.162839219656799920e+06 1.322633160856650211e+06 1.432847872596829257e+05 2.634730501482127584e+05 4.077544596834889962e+05 3.324117306666922523e+05 1.500260761496780324e+05 -1.798194260885195399e+04 1.596928285476083329e+04 1.302573503518105717e+05 1.153735850481994275e+05 -3.142084610585619885e+04 -4.343957444731234864e+04 -6.953792888172481616e+04 -2.413721536794705389e+04 1.740285042076818354e+04 5.436334175897268869e+04 8.176125965686830750e+04 6.062239902781130513e+04 2.799114683840682483e+04 4.422144094841568403e+03 2.231688201322820532e+04 9.258638871007809939e+03 2.468722845825064360e+04 2.157764363229343144e+04 1.214054932120942067e+04 -3.254022830472175883e+03 2.617419826948349146e+04 1.872912084538351337e+04 4.161119182397265831e+03 7.648160919356051636e+03 2.646982797595579996e+03 1.182802590917653470e+04 -5.410209325072891261e+03 1.016107158755838645e+04 2.552410954403916094e+03 3.410910703539458609e+03 1.617666014896187880e+04 1.479978600346578423e+04 1.810507874025746787e+04 1.842366604882184038e+04 1.218864695397802461e+04 7.916721607966311240e+03 3.142810726215180921e+02 1.494752101904474102e+03 1.753382980305017099e+03 -5.572322518373678577e+03 -8.998170631461336598e+03 -2.605312486294735308e+01 -8.708109782863552027e+03 -1.397533145276772302e+04 -3.653854372456422425e+03 -5.716447102891911527e+03 1.843611890215368931e+03
2.958621165591658559e+06 1.052763164002852747e+06 3.059347790621229797e+05 5.386159461134603480e+05 1.023748355035372078e+06 3.043751105044385884e+06 5.752520058999011293e+06 1.616916420272392454e+06 3.117886796338150743e+05 1.540514332707857247e+05 1.597515385537641705e+05 1.652466686432791466e+05 1.176039845925749687e+05 8.393462707088257594e+04 2.444882090641405011e+04 -3.588129719029577245e+03 5.113200711077758751e+04 7.726283677543311205e+04 4.965406799174489424e+04 7.091529742212779820e+04 4.020812347751899506e+04 3.380034996764273092e+04 5.036853669015449123e+04 2.179981352121149393e+04 2.259714370215468443e+04 2.010956134339606797e+04 3.365061679455156991e+04 4.109044026079990726e+04 2.122806434023113616e+04 3.097854232264178791e+04 3.214457080618265172e+04 2.303008652315415020e+04 1.527564773981713552e+04 -2.577628570227957994e+02 1.082440434036377519e+04 1.584657311728457535e+04 1.551928051003948895e+04 1.359377333641148834e+04 1.711579979142328739e+04 1.300678091396660784e+04 5.380120285023134784e+03 5.876697252527052115e+03 9.104485234505249537e+03 1.023374039503266613e+04 1.153651195738072238e+04 6.587622985653788419e+03 8.386376054499789461e+03 7.131101990243908403e+03 5.492128975108620580e+03 7.576331152588023542e+03 5.839604563868021614e+03 5.446105252376772114e+03 6.380070704698142436e+03 3.228032852342525416e+02 4.663022620348564487e+03 1.154380366199491164e+03 4.724779923894667263e+03 2.676458937311799673e+03 6.867181000382842285e+03 1.583292410411727133e+03 1.097561443146927515e+06 2.812158000870326068e+06 1.544062343501272611e+06 2.352581322149165862e+04 1.192494805347925751e+06 3.327696562172685750e+06 1.333663275010132231e+06 2.508307667752712965e+06 8.490511639518724987e+05 4.242499265006316127e+05 2.868962535450009746e+05 2.529509827844739775e+05 1.718940600077464769e+05 2.417730562324499260e+04 8.164093129883194342e+04 1.636509500123740581e+05 1.050190946018469549e+05 -6.337945649128119112e+04 5.679602230648897239e+04 8.376197215293084446e+04 5.124639855144917237e+04 3.480450767564005946e+04 5.168228258723786712e+04 5.330316557777537673e+04 1.505410273478790077e+04 1.022732518116721985e+04 8.826478625838151856e+03 1.230676387149300717e+04 3.161670608849890777e+04 3.052951355818178126e+04 3.233386832293132829e+04 2.104323225037643715e+04 4.741626496145035162e+03 2.935518086236082308e+04 1.565413730127929921e+04 6.796977976610930455e+03 1.847211804127563300e+04 5.573043012351605284e+03 -2.993429167239539311e+03 -1.017995238260055703e+04 -3.083877091782211664e+03 3.987176337386669275e+03 5.241271684165950319e+03 1.349796232702203815e+04 1.710893382173186183e+04 1.297152264073408878e+04 7.405985626583976227e+03 -6.897894625440359960e+03 8.326702685680949799e+03 1.621287386808685915e+04 7.873396139970595868e+03 -6.193120156548767454e+02 -1.724313114383230186e+03 -6.843230255436427569e+02 -4.622193641103162008e+03 1.997811816670397548e+03 -7.086431244104584039e+03 2.894476576268060398e+03 5.821218303239953684e+02 4.677291788899676249e+03
4.040734617305924185e+06 8.720990645277298754e+05 2.165687902213505586e+05 3.382942035789084039e+05 2.207674801001605520e+05 3.141658637717542006e+05 1.616916420272392454e+06 3.512484982648149598e+06 1.078832461305311183e+06 1.852988234522462590e+05 6.130307745822291326e+04 8.918130076577412547e+04 8.459118425151043630e+04 9.227096639537767624e+04 5.489577038612147589e+04 2.816105511786495481e+04 2.934323679365000135e+04 2.249799512776417032e+04 2.766145721326178682e+04 1.785089175305133904e+04 3.777756024475127924e+04 3.154569285546012907e+04 3.924119760192123795e+04 3.356337042976371322e+03 1.895466359242377439e+04 3.112808236007532469e+04 2.625023701589795746e+04 1.632700436497201918e+04 1.977931215808194611e+04 1.978187078649919204e+04 2.010584610823193361e+04 1.779676885626262447e+04 1.289022792123424188e+04 6.646529229731652777e+03 1.294497871842369568e+04 1.101104936506597551e+04 7.931924841608876704e+03 4.952012081459258297e+03 4.939934818006808200e+03 8.873383389290158448e+03 7.803661007979452734e+03 1.021971122740501232e+04 5.887850669652818397e+03 1.033945496318640471e+04 8.722156412630807608e+03 7.890769365855034266e+03 8.493189638794463463e+03 2.288634400221742453e+03 3.020435429324438246e+03 5.325620149330583445e+03 5.364923109905986166e+03 1.047489872658546119e+03 1.642035932941587362e+03 8.649851342594650987e+02 5.024762777103303051e+03 4.939992526684451150e+03 2.542318993693604170e+03 6.962764371207351815e+02 3.586285117509515203e+03 2.054391080740353175e+02 1.414899257666683057e+06 3.529124796349149197e+06 4.546252542198303272e+05 -1.280485536424023448e+05 3.284217408651507576e+05 8.070889969192855060e+05 1.522038835777275264e+06 9.946934111984724877e+05 1.556931965920991031e+06 5.730223969503571279e+05 1.738365375752009277e+05 8.536792557421889796e+04 1.644394166181024921e+05 1.578890783100636036e+05 3.660429575015413138e+04 -2.930848724705718723e+03 4.104429335983639612e+04 3.882930280003888765e+04 6.972292925667091913e+04 8.009894922419723298e+04 2.302051792855019812e+04 2.963839975442337163e+04 1.306743642806019852e+04 6.626911973357066745e+04 3.349315501687536744e+04 2.364460747355315107e+04 4.124909464645193657e+04 3.349530898129026173e+04 4.117854173206120322e+04 3.430610448490500130e+04 2.630814745771106027e+04 2.580502965201647748e+04 1.744486261448966252e+04 2.672219201348533534e+04 1.631668923427577647e+04 1.807782681858597061e+04 1.525426416532672374e+04 1.139927639835181435e+04 3.628399073649126876e+03 -4.664938135636231891e+03 -2.799926897982422815e+03 4.306998990631157540e+03 1.178994848935475238e+04 9.523772017597399099e+03 1.146276513017996876e+04 1.116631369538743820e+04 5.777216864057676503e+03 -4.965516495784361723e+03 -3.329850499880025836e+03 3.528916718680920440e+03 7.200831485387626344e+03 5.386807353821322977e+03 1.425791972585163876e+03 2.219967622601162020e+03 1.597944519512225725e+03 1.087896429389462901e+04 5.743805926387431100e+03 9.475619629882485242e+03 5.292865548778392622e+03 2.451002490373495675e+03
3.552108744930079672e+06 5.909799614482024917e+05 2.643430629538365756e+05 1.546224483393906557e+05 4.500450774080638075e+05 1.648554284000213083e+05 3.117886796338150743e+05 1.078832461305311183e+06 2.214443445617967751e+06 8.107507827635383001e+05 2.065816805918007449e+05 7.504944798155476747e+04 6.662201609806754277e+04 8.335173759241329390e+04 6.177398155223347567e+04 2.648015650299030312e+04 1.883079231579370389e+04 4.249131437488077790e+04 2.811978479012732350e+04 3.610287824568918586e+04 4.260492340638071619e+04 2.240393670672306325e+04 3.210646163972811701e+04 1.268133485831964208e+04 2.215072924408242034e+04 3.208814560718623034e+04 1.930446325198661361e+04 2.700698977496605221e+04 2.148997606901864492e+04 1.399935028196797793e+04 6.620025968717558499e+03 1.477067817690336960e+04 1.422686765324394582e+04 1.233899241808941770e+04 1.364049124482285515e+04 8.073087537926594450e+03 1.031998062124831449e+04 1.545653640904707572e+04 9.289826924335260628e+03 6.589425878315645605e+03 8.240163448996418083e+03 6.106928958091341883e+03 8.824954237692531024e+03 1.273315970515827030e+04 1.067387061056434868e+04 4.551638159538436412e+03 8.540586772109816593e+03 5.908855549254639300e+03 7.780730480747824004e+03 5.561039525116791083e+03 5.211563452466172748e+03 3.698826919300736790e+03 2.476934522727144667e+03 4.022358637702951910e+03 6.113489369994577828e+03 6.882946173955988343e+03 4.960125676038395795e+03 2.871585035203484949e+03 3.960240409029936615e+01 1.426313006325481410e+03 -1.707927672870918759e+05 3.223053188585923985e+06 1.055903920849124435e+06 4.144439606702742167e+05 4.274328856221871683e+05 4.327623428387823515e+04 1.134180941431651881e+05 9.929214735765490914e+05 5.418567351807412924e+05 9.552318012681903783e+05 2.966247984028671635e+05 1.165310127872936137e+05 1.530830561600445362e+05 9.756003582189962617e+04 3.897054724651598372e+04 -5.476442525231101172e+04 -2.459593190596529530e+04 -4.550465921878961126e+03 3.653271467468250921e+04 5.556710322664937121e+04 1.617294632198416912e+04 2.406852335016563302e+04 1.662000932714747250e+04 7.675188043381225725e+04 5.787511966851972102e+04 1.751905276619559663e+04 2.690894405090626969e+04 1.234346233809100522e+04 7.555418072694946204e+03 1.149345113130728896e+04 1.820271885827153528e+04 2.066223613611478868e+04 1.521156097653722281e+04 7.842941984543404942e+03 4.034503737023696431e+03 1.169063630551522692e+04 1.389978798060709232e+04 1.273189632303236249e+04 8.555799586900608119e+03 4.507034582553798828e+03 1.020248113462211222e+03 1.256896254547141871e+04 1.150176041228599570e+04 8.769355341238710025e+03 7.371858288850733516e+03 1.104303415021569344e+04 5.130647543421060618e+03 5.325848182203708348e+03 4.840151202511087831e+02 2.434771205945459940e+02 6.140671128532510011e+03 3.596402079200315256e+03 9.570203777869431860e+02 2.474704761202998782e+02 -7.249394255689445572e+02 -5.904262111301960658e+01 2.159566688890975911e+03 6.555850200474317717e+03 6.003149278631158268e+03 1.485767740796309454e+03
5.000344253344749450e+05 2.277787553959442303e+05 1.454651616127788730e+05 1.105287850873921125e+05 3.542688853540217970e+05 1.824771206757219625e+05 1.540514332707857247e+05 1.852988234522462590e+05 8.107507827635383001e+05 1.582988727927566972e+06 5.087636579043432721e+05 9.875906659582826251e+04 5.447341391143821966e+04 5.865809340970817721e+04 5.242005156770965550e+04 3.291426628826581145e+04 2.010502510591914688e+04 3.383607876000180113e+04 3.950445844320578180e+04 2.491754945918861631e+04 2.658703289444871552e+04 2.182110194770787712e+04 3.085179963819955810e+04 1.922137054687974523e+04 1.545536420371754321e+04 2.373881768443054898e+04 1.670772133119260252e+04 1.988292700037879331e+04 1.220111735819946807e+04 1.454663382892434856e+04 7.864427486093392872e+03 6.747897373390382199e+03 1.327327047391881933e+04 1.402389536806311844e+04 1.287718093634073375e+04 1.207383831319390993e+04 1.259587375237964443e+04 1.227652374702332963e+04 1.175201751454181976e+04 9.103654733919396676e+03 7.034930122805001702e+03 6.873586478067672942e+03 1.017637867931490473e+04 7.657037857289721615e+03 7.216318740995552616e+03 2.661793732018978517e+03 6.448839172748769670e+03 4.493786043681497176e+03 4.124138481740377756e+03 3.578011448527956873e+03 4.728062622045265016e+03 3.801822935875095482e+03 4.439056732043338343e+03 7.041258811318050903e+03 4.144234735183156772e+03 5.319463845220804615e+03 3.331147748298054466e+03 6.139132465407685402e+01 6.372943719484095482e+02 8.880948685645589649e+02 -1.065718042006357806e+06 7.324751210714309127e+04 -7.099761395760393498e+03 1.876458075348336133e+05 -1.588470300058273424e+05 -2.891442951775888214e+05 -2.032240142388323147e+05 3.361373436108311871e+05 7.492722234057193855e+05 3.284243423870905535e+05 6.170661221265370259e+05 2.100447648320570588e+05 4.729053434003990697e+04 1.196707156407654293e+04 9.729583938995787321e+03 -2.490441077904879785e+04 6.083084938241146119e+03 1.000447914759977357e+04 1.912138438675771977e+04 5.184798552828886750e+04 2.984961205607866577e+04 3.117667425388338597e+04 3.209571483772585998e+04 6.789955392482953903e+04 6.096749248193646054e+04 2.552668288327528717e+04 2.224573995817765172e+04 1.495514307070704672e+04 1.934564035218985737e+04 1.055423949816497043e+04 1.269396183347607075e+04 2.012913245407484646e+04 1.982438935691069491e+04 1.382194364974825294e+04 1.089215542276807355e+04 5.718193356663568920e+03 1.059284260873239145e+04 1.540773046704925946e+04 8.306618411872266734e+03 5.067133932887857554e+03 1.042013159903934866e+04 1.798271280800536260e+04 1.105644287646989687e+04 1.034467669955040583e+04 1.107527779897027540e+04 1.320142769207566380e+04 5.003678617485355062e+03 6.934766378109372454e+03 8.551294378626080288e+03 7.659457386061731086e+03 6.569268946649486679e+03 3.312994946230473943e+03 -2.601600805829166916e+02 -2.449522508902676236e+03 1.894673528665962976e+03 -9.803137556042247525e+02 2.308462847461040838e+03 8.424539182508191516e+03 3.645876540912232031e+03 1.393134250738271703e+03
1.465745784335750621e+06 3.555311237204365898e+05 3.718441118146882945e+04 5.259492045769347169e+04 2.206592640536241815e+05 2.191755447771508479e+05 1.597515385537641705e+05 6.130307745822291326e+04 2.065816805918007449e+05 5.087636579043432721e+05 1.057404896041689441e+06 3.703238253895658418e+05 9.169004364487050043e+04 6.041661043426025572e+04 5.081921227987983002e+04 4.112203779309756646e+04 2.721799883920254069e+04 2.609588010009165373e+04 3.370255609876880044e+04 1.839388577326866653e+04 1.005647827188750125e+04 1.912721392867465329e+04 1.621690357208147361e+04 1.288493112550856677e+04 1.177144845815238477e+04 2.208258689619622601e+04 1.962107778251612763e+04 1.590227867451321617e+04 1.443101683346820028e+04 1.439145612156102470e+04 1.381350080168480599e+04 6.960795099033063707e+03 7.575868831799642066e+03 1.038668655270645286e+04 7.579319241306835465e+03 9.105664961484459127e+03 8.320037452657492395e+03 9.701914988934120629e+03 1.059547708950478227e+04 7.139215801354206633e+03 7.255883904524450372e+03 7.765194968766714737e+03 8.115138415556206382e+03 5.963152376269483284e+03 4.166228065790602159e+03 3.229169996237587384e+03 3.898652191799121283e+03 3.896157322664458661e+03 3.883203973822924581e+03 4.053207994494619015e+03 4.513829929226883905e+03 2.627674992367828963e+03 5.319537891241620855e+03 4.641310701807567966e+03 2.466156319261995577e+03 3.398866649793819306e+03 3.236248326249392449e+03 2.111268662696414594e+03 2.596928607703109719e+03 2.756825575355374895e+03 -2.712547328886262840e+05 5.801794960984336212e+05 -4.370632580364018795e+05 8.114496864380514307e+04 5.085386249231751572e+04 -6.979185772717275540e+04 1.414712390326097666e+05 2.589489895685586089e+05 3.539736730774928001e+05 5.740912938737132354e+05 1.876822248551544908e+05 4.264044727990894462e+05 1.568140723335020593e+05 5.086214926620338520e+04 4.971696573335766152e+04 1.290416237021686175e+04 1.893893935223690278e+04 1.602940225927237952e+04 2.482459291917358496e+04 3.054867855424525624e+04 6.005048990052115187e+03 7.771337039468980038e+03 2.287260253486071451e+04 4.201606036883674096e+04 3.517956554648405290e+04 2.528472271437721429e+04 2.767522340040637937e+04 1.860500971434328312e+04 9.973004402060823850e+03 1.103791532364697559e+04 1.733000272255344680e+04 1.787303331927011459e+04 1.449847029460342674e+04 9.666115694125288428e+03 9.557465779021129492e+03 -5.715017346113780832e+02 8.681931075257334669e+03 1.351370593330399424e+04 8.273542708841163403e+03 2.350685865778783409e+03 9.150109616613648541e+03 1.385425602894548501e+04 9.519347051718341390e+03 3.076264070794917188e+03 1.076408723450685648e+04 7.999772784033213611e+03 1.514998495744512184e+03 5.155138544798626754e+03 8.333041528058001859e+03 7.167606365542371350e+03 4.498623453009794503e+03 4.015771776345426133e+03 -9.214724098517389166e+02 -1.766032706404342207e+03 3.439251176053917334e+03 7.253985924228780959e+02 3.248756841845160125e+03 4.378847191425530582e+03 2.767882613059058713e+03 2.025719639872594144e+03
1.009041147981490823e+06 3.401186256094482960e+05 8.180111188830097672e+04 1.877317211924366420e+05 1.124147659660958307e+05 9.843954028624226339e+04 1.652466686432791466e+05 8.918130076577412547e+04 7.504944798155476747e+04 9.875906659582826251e+04 3.703238253895658418e+05 8.088607583496806910e+05 2.545230868646665476e+05 8.624138664645474637e+04 4.659135321835308423e+04 2.869908547918823024e+04 2.897429859241424492e+04 2.022843570067288965e+04 2.656415815102886700e+04 9.622410709975740247e+03 6.747645707141922685e+03 2.420057298221288147e+04 1.487233699419115328e+04 9.829355431481275446e+03 1.433412194299206021e+04 1.860567552609384074e+04 1.308908098850832721e+04 1.849796410942460352e+04 1.591311777787616302e+04 1.187470145406098891e+04 9.493234488439613415e+03 1.020280400581260983e+04 7.349711230893338325e+03 7.851198688871095328e+03 6.708958343776718721e+03 8.441445095122991916e+03 7.015286060858890778e+03 1.030802525365911788e+04 9.104917269556999599e+03 1.005570135715185279e+04 5.651313684715810268e+03 5.755092948783684733e+03 4.021168835905054038e+03 2.865587514073570219e+03 3.876788693096035786e+03 2.339462179417476818e+03 4.386166707518821568e+03 4.442493108050660339e+03 4.457127750695572104e+03 3.354455247320785020e+03 4.633237385609094417e+03 3.325329166963087118e+03 3.618622870308496658e+03 2.943002330001776045e+03 3.197714471471207617e+03 2.008375502642970105e+03 2.082520029336940297e+03 2.587048471928238541e+03 3.269833496363759878e+03 2.768718922248065155e+03 -4.022980678720627911e+05 7.257114450160524575e+05 -8.507880375349614769e+04 -2.350928662887220271e+05 1.392133575298294891e+05 1.371349837943054445e+05 1.330535567304710858e+05 1.106788362079031795e+05 1.252909237633019075e+05 1.972664323589495325e+05 2.583996066163677897e+05 1.214641664260312828e+05 3.462387651030874113e+05 9.905303815539061907e+04 3.322312313489721419e+04 1.975063657682339908e+04 -1.134382284145916674e+04 5.431114395342287025e+03 1.213403930985230909e+04 3.427615055232313898e+04 1.348694538306829782e+04 5.207355833910974070e+03 2.652461909565642145e+03 1.392038538311208504e+04 1.833816922369142776e+04 4.802658659116181298e+03 1.576793097091205527e+04 1.611585078090081333e+04 1.372617144191388797e+04 6.879554670860784427e+03 2.258996005904505728e+04 1.866152906371557765e+04 1.311298753197417318e+04 1.871149706396269539e+04 1.084281784703222547e+04 6.932706634864838634e+03 8.304088185757726023e+03 -6.339538951933863586e+01 3.380244484415819898e+03 6.800703927959796601e+03 8.726904826424792191e+03 4.140993222153496390e+03 5.521852190545795565e+03 3.160453350809113545e+03 4.350877449643239743e+03 8.246448680500909177e+03 1.643431750176812102e+03 3.355090504122944367e+03 6.063944540161384793e+03 8.148173835824537491e+03 3.403517741790401942e+03 1.525772743221418978e+03 -2.589276874846380906e+03 1.473608412798952486e+03 1.406714835407559121e+03 1.000138239989926433e+03 1.783422941155904027e+03 1.609701132881555168e+03 3.649317771102584629e+03 4.459313716734940499e+03
4.519208477388930623e+05 2.049310009240797081e+05 1.471400942189551424e+05 -5.258982065603583032e+04 8.381873456236882703e+03 6.473491150437390752e+04 1.176039845925749687e+05 8.459118425151043630e+04 6.662201609806754277e+04 5.447341391143821966e+04 9.169004364487050043e+04 2.545230868646665476e+05 5.798842831042737234e+05 2.027626029874821834e+05 6.252807269771697611e+04 3.575060298594834603e+04 3.905685801398574404e+04 2.441647895895906913e+04 2.804691118105384521e+04 2.332030582849428174e+04 1.667949795211695891e+04 1.848448253687036049e+04 1.745537426402394340e+04 1.670649311931807460e+04 1.521048921081631852e+04 1.545818777656232669e+04 8.371879568781108901e+03 1.624659699099007776e+04 1.697614870004121985e+04 1.307859367172400016e+04 7.506985699286491581e+03 9.993166944546310333e+03 1.166691072776972214e+04 8.687932738158888242e+03 7.589914331507429779e+03 7.492355051748028927e+03 7.875714909774604166e+03 6.034613676909282731e+03 7.823902722250510124e+03 7.212552782290492360e+03 5.461483165145922612e+03 6.682854073565633371e+03 5.941634162575467599e+03 4.154312820230928992e+03 6.114040298270666426e+03 6.150792782210575751e+03 7.201964958971721899e+03 4.693647974815473390e+03 4.270004139833781664e+03 3.661961868868694637e+03 4.909659507888117332e+03 3.994417847773609537e+03 3.365955876328403519e+03 2.567014050269114250e+03 2.216807974970038231e+03 3.306030828114984615e+03 2.662760231554802886e+03 2.911293143798710389e+03 3.015699718228803249e+03 3.263031198960414258e+03 2.340999601172499752e+04 5.668115633094316581e+05 -2.852022596449833145e+04 -1.766957251297173207e+05 -4.607687077004535240e+05 -1.330100686435290845e+05 8.544575442782971368e+04 9.644649747609108454e+04 7.240537600105306774e+04 5.290404619268231909e+04 6.745353935516033380e+04 2.258655109626903723e+05 1.158122217992713267e+05 2.735925665875749546e+05 7.057052309777626942e+04 2.466630547655397095e+04 -3.851200695281179378e+03 1.328565733735922731e+04 2.922394876034932531e+04 3.256894673271142892e+04 2.768827868819270225e+04 1.494693881931445503e+04 4.459912405099570606e+03 1.441800437180221161e+04 1.799773445646090840e+04 1.857398741864713520e+04 1.898426510927529671e+04 1.754103762254358298e+04 1.272675354917779805e+04 7.925399059623024186e+03 1.296480568690864857e+04 1.067266132726578871e+04 8.483706742051292167e+03 8.185803856556231040e+03 4.247850026822789914e+03 1.257789476050532903e+04 5.593204429147921473e+03 -6.245456388572657715e+02 2.021291937313462540e+03 3.389134488613835401e+03 7.743100362248846977e+03 8.079473242800562730e+03 4.708584583882437073e+03 5.015538142772205902e+03 4.120727409706639264e+03 4.137542623348165762e+03 -8.755407351673010652e+00 6.469559076050342810e+03 3.789150030123323631e+03 4.560535262279969174e+03 1.960945432437375302e+03 2.407278778950619653e+03 3.360525482951377853e+03 4.586191774273497685e+03 2.896109944404738144e+03 -2.296199241897041702e+03 2.704829257070769927e+03 2.783305957160310754e+03 1.948598446953673374e+03 2.527830619916713658e+03
